T 256d2f25642f25792025483a254d 256d2f25642f2559 25592d256d2d25642025483a254d3a2553 25592d256d2d2564 2541 25612025483a254d 2542202559 2542202564 2564202542 2542 2541202542 25483a254d3a2553 25483a254d 2549202570 2548 256a202559 2555202541202559 2573207365636f6e6473 2563 2559 257920256d202564202548
g 0 1790607715 31302f30352f32362031343a3330 = 1 0 0 30 14 5 9 126 1 277 0
r 0 1790607715 31302f30352f32362031343a3330 = 0 0 30 14 5 9 126 1 277 0
g 0 1790607715 31322f33312f31393939 = 1 0 55 1 15 31 11 99 5 364 0
r 0 1790607715 31322f33312f31393939 = 0 55 1 15 31 11 99 5 364 0
g 0 1790607715 322f32392f32303234 = 1 0 55 1 15 29 1 124 4 59 0
r 0 1790607715 322f32392f32303234 = 0 55 1 15 29 1 124 4 59 0
g 0 1790607715 322f32392f32303233 = 0 8 -
r 0 1790607715 322f32392f32303233 = 8 55 1 15 29 1 123 3 59 -1
g 0 1790607715 322f33302f32303234 = 0 8 -
r 0 1790607715 322f33302f32303234 = 8 55 1 15 30 1 124 5 60 -1
g 0 1790607715 323032362d30392d32382031303a33353a3030 = 1 0 0 35 10 28 8 126 1 270 0
r 0 1790607715 323032362d30392d32382031303a33353a3030 = 0 0 35 10 28 8 126 1 270 0
g 0 1790607715 323032362d30392d3238 = 1 0 55 1 15 28 8 126 1 270 0
r 0 1790607715 323032362d30392d3238 = 0 55 1 15 28 8 126 1 270 0
g 0 1790607715 323032362d30322d3330 = 0 8 -
r 0 1790607715 323032362d30322d3330 = 8 55 1 15 30 1 126 1 60 -1
g 0 1790607715 323032362d31332d3031 = 0 7 -
r 0 1790607715 323032362d31332d3031 = 7 -2147483648 -2147483648 -2147483648 6 1 120 -2147483648 0 -1
g 0 1790607715 4d6f6e646179 = 1 0 55 1 15 28 8 126 1 270 0
r 0 1790607715 4d6f6e646179 = 0 55 1 15 28 8 126 1 270 0
g 0 1790607715 73756e646179 = 1 0 55 1 15 4 9 126 0 276 0
r 0 1790607715 73756e646179 = 0 55 1 15 4 9 126 0 276 0
g 0 1790607715 5341545552444159 = 1 0 55 1 15 3 9 126 6 275 0
r 0 1790607715 5341545552444159 = 0 55 1 15 3 9 126 6 275 0
g 0 1790607715 7765642030393a3135 = 1 0 0 15 9 30 8 126 3 272 0
r 0 1790607715 7765642030393a3135 = 0 0 15 9 30 8 126 3 272 0
g 0 1790607715 4672692032333a3539 = 1 0 0 59 23 2 9 126 5 274 0
r 0 1790607715 4672692032333a3539 = 0 0 59 23 2 9 126 5 274 0
g 0 1790607715 53657074656d6265722032303330 = 1 0 55 1 15 5 8 130 4 247 0
r 0 1790607715 53657074656d6265722032303330 = 0 55 1 15 5 8 130 4 247 0
g 0 1790607715 6d617263682035 = 1 0 55 1 15 2 2 -1895 3 60 0
r 0 1790607715 6d617263682035 = 0 55 1 15 2 2 -1895 3 60 0
g 0 1790607715 3520417072696c = 1 0 55 1 15 5 3 126 0 94 0
r 0 1790607715 3520417072696c = 0 55 1 15 5 3 126 0 94 0
g 0 1790607715 3331204a756e65 = 0 8 -
r 0 1790607715 3331204a756e65 = 8 55 1 15 31 5 126 2 182 -1
g 0 1790607715 53657074656d626572 = 1 0 55 1 15 4 8 126 5 246 0
r 0 1790607715 53657074656d626572 = 0 55 1 15 4 8 126 5 246 0
g 0 1790607715 4a616e75617279 = 1 0 55 1 15 3 0 127 0 2 0
r 0 1790607715 4a616e75617279 = 0 55 1 15 3 0 127 0 2 0
g 0 1790607715 446563656d626572 = 1 0 55 1 15 4 11 126 5 337 0
r 0 1790607715 446563656d626572 = 0 55 1 15 4 11 126 5 337 0
g 0 1790607715 54756573646179204d6179 = 1 0 55 1 15 4 4 127 2 123 0
r 0 1790607715 54756573646179204d6179 = 0 55 1 15 4 4 127 2 123 0
g 0 1790607715 31333a34353a3130 = 1 0 10 45 13 29 8 126 2 271 0
r 0 1790607715 31333a34353a3130 = 0 10 45 13 29 8 126 2 271 0
g 0 1790607715 31333a3435 = 1 0 0 45 13 29 8 126 2 271 0
r 0 1790607715 31333a3435 = 0 0 45 13 29 8 126 2 271 0
g 0 1790607715 30303a3030 = 1 0 0 0 0 29 8 126 2 271 0
r 0 1790607715 30303a3030 = 0 0 0 0 29 8 126 2 271 0
g 0 1790607715 32333a3539 = 1 0 0 59 23 28 8 126 1 270 0
r 0 1790607715 32333a3539 = 0 0 59 23 28 8 126 1 270 0
g 0 1790607715 3037 = 1 0 0 0 7 29 8 126 2 271 0
r 0 1790607715 3037 = 0 0 0 7 29 8 126 2 271 0
g 0 1790607715 3233 = 1 0 0 0 23 28 8 126 1 270 0
r 0 1790607715 3233 = 0 0 0 23 28 8 126 1 270 0
g 0 1790607715 313120504d = 1 0 0 0 23 28 8 126 1 270 0
r 0 1790607715 313120504d = 0 0 0 23 28 8 126 1 270 0
g 0 1790607715 313220414d = 1 0 0 0 0 29 8 126 2 271 0
r 0 1790607715 313220414d = 0 0 0 0 29 8 126 2 271 0
g 0 1790607715 3130302032303236 = 1 0 55 1 15 10 3 126 5 99 0
r 0 1790607715 3130302032303236 = 0 55 1 15 10 3 126 5 99 0
g 0 1790607715 3336362032303233 = 0 8 -
r 0 1790607715 3336362032303233 = 8 55 1 15 32 11 123 1 365 -1
g 0 1790607715 3338204672696461792032303236 = 1 0 55 1 15 25 8 126 5 267 0
r 0 1790607715 3338204672696461792032303236 = 0 55 1 15 25 8 126 5 267 0
g 0 1790607715 302073756e6461792032303236 = 0 8 -
r 0 1790607715 302073756e6461792032303236 = 8 55 1 15 -3 -1 126 0 -4 -1
g 0 1790607715 30207365636f6e6473 = 1 0 0 0 0 1 0 70 4 0 0
r 0 1790607715 30207365636f6e6473 = 0 0 0 0 1 0 70 4 0 0
g 0 1790607715 31373237353139373030207365636f6e6473 = 1 0 0 35 10 28 8 124 6 271 0
r 0 1790607715 31373237353139373030207365636f6e6473 = 0 0 35 10 28 8 124 6 271 0
g 0 1790607715 4d6f6e205365702032382031303a33353a30302032303236 = 1 0 0 35 10 28 8 126 1 270 0
r 0 1790607715 4d6f6e205365702032382031303a33353a30302032303236 = 0 0 35 10 28 8 126 1 270 0
g 0 1790607715 32303237 = 1 0 55 1 15 21 6 -1893 6 201 0
r 0 1790607715 32303237 = 0 55 1 15 21 6 -1893 6 201 0
g 0 1790607715 31393639 = 1 0 55 1 15 15 6 -1891 3 195 0
r 0 1790607715 31393639 = 0 55 1 15 15 6 -1891 3 195 0
g 0 1790607715 3236203039203238203130 = 1 0 0 0 10 28 8 126 1 270 0
r 0 1790607715 3236203039203238203130 = 0 0 0 10 28 8 126 1 270 0
g 0 1790607715 2020323032362d30392d32382020 = 1 0 55 1 15 28 8 126 1 270 0
r 0 1790607715 2020323032362d30392d32382020 = 0 55 1 15 28 8 126 1 270 0
g 0 1790607715 0931333a34350a = 1 0 0 45 13 29 8 126 2 271 0
r 0 1790607715 0931333a34350a = 0 0 45 13 29 8 126 2 271 0
g 0 1790607715 - = 0 7 -
r 0 1790607715 - = 7 -2147483648 -2147483648 -2147483648 -2147483648 -2147483648 -2147483648 -2147483648 0 -1
g 0 1790607715 20 = 0 7 -
r 0 1790607715 20 = 7 -2147483648 -2147483648 -2147483648 -2147483648 -2147483648 -2147483648 -2147483648 0 -1
g 0 1790607715 6e6f6e73656e7365 = 0 7 -
r 0 1790607715 6e6f6e73656e7365 = 7 -2147483648 -2147483648 -2147483648 -2147483648 -2147483648 -2147483648 -2147483648 0 -1
g 0 1790607715 323032362d30392d323878 = 0 7 -
r 0 1790607715 323032362d30392d323878 = 7 -2147483648 -2147483648 -2147483648 6 1 120 -2147483648 0 -1
g 0 1790607715 32353a3030 = 0 7 -
r 0 1790607715 32353a3030 = 7 -2147483648 -2147483648 -2147483648 -2147483648 -2147483648 125 -2147483648 0 -1
g 0 1790607715 393939392d31322d33312032333a35393a3539 = 1 0 59 59 23 31 11 8099 5 364 0
r 0 1790607715 393939392d31322d33312032333a35393a3539 = 0 59 59 23 31 11 8099 5 364 0
g 0 1790607715 302d30312d3031 = 1 0 55 1 15 1 0 -1900 6 0 0
r 0 1790607715 302d30312d3031 = 0 55 1 15 1 0 -1900 6 0 0
g 1 1790607715 31302f30352f32362031343a3330 = 1 0 0 30 14 5 9 126 1 277 1
r 1 1790607715 31302f30352f32362031343a3330 = 0 0 30 14 5 9 126 1 277 1
g 1 1790607715 31322f33312f31393939 = 1 0 55 1 11 31 11 99 5 364 0
r 1 1790607715 31322f33312f31393939 = 0 55 1 11 31 11 99 5 364 0
g 1 1790607715 322f32392f32303234 = 1 0 55 1 11 29 1 124 4 59 0
r 1 1790607715 322f32392f32303234 = 0 55 1 11 29 1 124 4 59 0
g 1 1790607715 322f32392f32303233 = 0 8 -
r 1 1790607715 322f32392f32303233 = 8 55 1 11 29 1 123 3 59 -1
g 1 1790607715 322f33302f32303234 = 0 8 -
r 1 1790607715 322f33302f32303234 = 8 55 1 11 30 1 124 5 60 -1
g 1 1790607715 323032362d30392d32382031303a33353a3030 = 1 0 0 35 10 28 8 126 1 270 1
r 1 1790607715 323032362d30392d32382031303a33353a3030 = 0 0 35 10 28 8 126 1 270 1
g 1 1790607715 323032362d30392d3238 = 1 0 55 1 11 28 8 126 1 270 1
r 1 1790607715 323032362d30392d3238 = 0 55 1 11 28 8 126 1 270 1
g 1 1790607715 323032362d30322d3330 = 0 8 -
r 1 1790607715 323032362d30322d3330 = 8 55 1 11 30 1 126 1 60 -1
g 1 1790607715 323032362d31332d3031 = 0 7 -
r 1 1790607715 323032362d31332d3031 = 7 -2147483648 -2147483648 -2147483648 6 1 120 -2147483648 364 -1
g 1 1790607715 4d6f6e646179 = 1 0 55 1 11 28 8 126 1 270 1
r 1 1790607715 4d6f6e646179 = 0 55 1 11 28 8 126 1 270 1
g 1 1790607715 73756e646179 = 1 0 55 1 11 4 9 126 0 276 1
r 1 1790607715 73756e646179 = 0 55 1 11 4 9 126 0 276 1
g 1 1790607715 5341545552444159 = 1 0 55 1 11 3 9 126 6 275 1
r 1 1790607715 5341545552444159 = 0 55 1 11 3 9 126 6 275 1
g 1 1790607716 7765642030393a3135 = 1 0 0 15 9 30 8 126 3 272 1
r 1 1790607716 7765642030393a3135 = 0 0 15 9 30 8 126 3 272 1
g 1 1790607716 4672692032333a3539 = 1 0 0 59 23 2 9 126 5 274 1
r 1 1790607716 4672692032333a3539 = 0 0 59 23 2 9 126 5 274 1
g 1 1790607716 53657074656d6265722032303330 = 1 0 56 1 11 5 8 130 4 247 1
r 1 1790607716 53657074656d6265722032303330 = 0 56 1 11 5 8 130 4 247 1
g 1 1790607716 6d617263682035 = 1 0 56 1 11 2 2 -1895 3 60 0
r 1 1790607716 6d617263682035 = 0 56 1 11 2 2 -1895 3 60 0
g 1 1790607716 3520417072696c = 1 0 56 1 11 5 3 126 0 94 1
r 1 1790607716 3520417072696c = 0 56 1 11 5 3 126 0 94 1
g 1 1790607716 3331204a756e65 = 0 8 -
r 1 1790607716 3331204a756e65 = 8 56 1 11 31 5 126 2 182 -1
g 1 1790607716 53657074656d626572 = 1 0 56 1 11 4 8 126 5 246 1
r 1 1790607716 53657074656d626572 = 0 56 1 11 4 8 126 5 246 1
g 1 1790607716 4a616e75617279 = 1 0 56 1 11 3 0 127 0 2 0
r 1 1790607716 4a616e75617279 = 0 56 1 11 3 0 127 0 2 0
g 1 1790607716 446563656d626572 = 1 0 56 1 11 4 11 126 5 337 0
r 1 1790607716 446563656d626572 = 0 56 1 11 4 11 126 5 337 0
g 1 1790607716 54756573646179204d6179 = 1 0 56 1 11 4 4 127 2 123 1
r 1 1790607716 54756573646179204d6179 = 0 56 1 11 4 4 127 2 123 1
g 1 1790607716 31333a34353a3130 = 1 0 10 45 13 28 8 126 1 270 1
r 1 1790607716 31333a34353a3130 = 0 10 45 13 28 8 126 1 270 1
g 1 1790607716 31333a3435 = 1 0 0 45 13 28 8 126 1 270 1
r 1 1790607716 31333a3435 = 0 0 45 13 28 8 126 1 270 1
g 1 1790607716 30303a3030 = 1 0 0 0 0 29 8 126 2 271 1
r 1 1790607716 30303a3030 = 0 0 0 0 29 8 126 2 271 1
g 1 1790607716 32333a3539 = 1 0 0 59 23 28 8 126 1 270 1
r 1 1790607716 32333a3539 = 0 0 59 23 28 8 126 1 270 1
g 1 1790607716 3037 = 1 0 0 0 7 29 8 126 2 271 1
r 1 1790607716 3037 = 0 0 0 7 29 8 126 2 271 1
g 1 1790607716 3233 = 1 0 0 0 23 28 8 126 1 270 1
r 1 1790607716 3233 = 0 0 0 23 28 8 126 1 270 1
g 1 1790607716 313120504d = 1 0 0 0 23 28 8 126 1 270 1
r 1 1790607716 313120504d = 0 0 0 23 28 8 126 1 270 1
g 1 1790607716 313220414d = 1 0 0 0 0 29 8 126 2 271 1
r 1 1790607716 313220414d = 0 0 0 0 29 8 126 2 271 1
g 1 1790607716 3130302032303236 = 1 0 56 1 11 10 3 126 5 99 1
r 1 1790607716 3130302032303236 = 0 56 1 11 10 3 126 5 99 1
g 1 1790607716 3336362032303233 = 0 8 -
r 1 1790607716 3336362032303233 = 8 56 1 11 32 11 123 1 365 -1
g 1 1790607716 3338204672696461792032303236 = 1 0 56 1 11 25 8 126 5 267 1
r 1 1790607716 3338204672696461792032303236 = 0 56 1 11 25 8 126 5 267 1
g 1 1790607716 302073756e6461792032303236 = 0 8 -
r 1 1790607716 302073756e6461792032303236 = 8 56 1 11 -3 -1 126 0 -4 -1
g 1 1790607716 30207365636f6e6473 = 1 0 0 0 19 31 11 69 3 364 0
r 1 1790607716 30207365636f6e6473 = 0 0 0 19 31 11 69 3 364 0
g 1 1790607716 31373237353139373030207365636f6e6473 = 1 0 0 35 6 28 8 124 6 271 1
r 1 1790607716 31373237353139373030207365636f6e6473 = 0 0 35 6 28 8 124 6 271 1
g 1 1790607716 4d6f6e205365702032382031303a33353a30302032303236 = 1 0 0 35 10 28 8 126 1 270 1
r 1 1790607716 4d6f6e205365702032382031303a33353a30302032303236 = 0 0 35 10 28 8 126 1 270 1
g 1 1790607716 32303237 = 1 0 56 1 11 21 6 -1893 6 201 0
r 1 1790607716 32303237 = 0 56 1 11 21 6 -1893 6 201 0
g 1 1790607716 31393639 = 1 0 56 1 11 15 6 -1891 3 195 0
r 1 1790607716 31393639 = 0 56 1 11 15 6 -1891 3 195 0
g 1 1790607716 3236203039203238203130 = 1 0 0 0 10 28 8 126 1 270 1
r 1 1790607716 3236203039203238203130 = 0 0 0 10 28 8 126 1 270 1
g 1 1790607716 2020323032362d30392d32382020 = 1 0 56 1 11 28 8 126 1 270 1
r 1 1790607716 2020323032362d30392d32382020 = 0 56 1 11 28 8 126 1 270 1
g 1 1790607716 0931333a34350a = 1 0 0 45 13 28 8 126 1 270 1
r 1 1790607716 0931333a34350a = 0 0 45 13 28 8 126 1 270 1
g 1 1790607716 - = 0 7 -
r 1 1790607716 - = 7 -2147483648 -2147483648 -2147483648 -2147483648 -2147483648 -2147483648 -2147483648 0 -1
g 1 1790607716 20 = 0 7 -
r 1 1790607716 20 = 7 -2147483648 -2147483648 -2147483648 -2147483648 -2147483648 -2147483648 -2147483648 0 -1
g 1 1790607716 6e6f6e73656e7365 = 0 7 -
r 1 1790607716 6e6f6e73656e7365 = 7 -2147483648 -2147483648 -2147483648 -2147483648 -2147483648 -2147483648 -2147483648 0 -1
g 1 1790607716 323032362d30392d323878 = 0 7 -
r 1 1790607716 323032362d30392d323878 = 7 -2147483648 -2147483648 -2147483648 6 1 120 -2147483648 364 -1
g 1 1790607716 32353a3030 = 0 7 -
r 1 1790607716 32353a3030 = 7 -2147483648 -2147483648 -2147483648 -2147483648 -2147483648 125 -2147483648 364 -1
g 1 1790607716 393939392d31322d33312032333a35393a3539 = 1 0 59 59 23 31 11 8099 5 364 0
r 1 1790607716 393939392d31322d33312032333a35393a3539 = 0 59 59 23 31 11 8099 5 364 0
g 1 1790607716 302d30312d3031 = 1 0 56 1 11 1 0 -1900 6 0 0
r 1 1790607716 302d30312d3031 = 0 56 1 11 1 0 -1900 6 0 0
E unset = 0 1
E empty = 0 1
E missing = 0 3
E directory = 0 4
E emptyfile = 0 7
