# Every case of regex_gnu_oracle.txt where glibc 2.39's answer is not the standard's,
# as posix/tools/oracle/regex_model.py computes it and posix/src/regex.rs answers:
# <oracle line> <subject> <glibc's answer> <the model's>. Generated by
# posix/tools/oracle/regex_gnu_harness.py; do not edit.
25239 1 ! 01
25239 3 ! 01
25239 4 ! 01
25239 5 ! 12
25239 6 ! 01
25239 8 ! 01
25239 19 ! 12
25275 6 ! 02
25419 1 00 01
25419 3 00 01
25419 4 00 01
25419 6 00 01
25419 8 00 01
25491 1 ! 01
25491 3 ! 01
25491 4 ! 01
25491 6 ! 01
25491 8 ! 01
25737 6 ! 02
25741 1 00 01
25741 3 00 01
25741 4 00 01
25741 6 00 01
25741 8 00 01
25742 8 ! 02
25743 1 ! 01
25743 3 ! 01
25743 5 ! 12
25743 6 ! 12
25743 8 ! 01
25743 19 ! 12
39279 1 ! 01
39279 3 ! 01
39279 4 ! 01
39279 5 ! 12
39279 6 ! 01
39279 8 ! 01
39279 19 ! 12
39315 6 ! 02
39423 1 00 01
39423 3 00 01
39423 4 00 01
39423 6 00 01
39423 8 00 01
39531 1 ! 01
39531 3 ! 01
39531 4 ! 01
39531 6 ! 01
39531 8 ! 01
39777 6 ! 02
39780 1 00 01
39780 3 00 01
39780 4 00 01
39780 6 00 01
39780 8 00 01
39782 8 ! 02
39783 1 ! 01
39783 3 ! 01
39783 5 ! 12
39783 6 ! 12
39783 8 ! 01
39783 19 ! 12
42914 0 3 2:3,-1/3,-1 1 -1 0:/ 0
42915 0 6 2:6,-1/6,-1 1 2 2:2,-1/2,-1 1
42916 0 4 2:4,-1/4,-1 1 -1 0:/ 0
42920 0 0 2:3,-1/3,-1 1 -1 0:/ 0
42921 0 0 2:6,-1/6,-1 1 -1 0:/ 0
42922 0 6 2:6,-1/6,-1 1 -1 0:/ 0
42923 0 6 2:6,-1/6,-1 1 -1 0:/ 0
42924 0 6 2:6,-1/6,-1 1 -1 0:/ 0
42930 0 0 2:6,-1/6,-1 1 -1 0:/ 0
42931 0 6 2:6,-1/6,-1 1 -1 0:/ 0
42932 0 6 2:6,-1/6,-1 1 -1 0:/ 0
42933 0 6 2:6,-1/6,-1 1 -1 0:/ 0
42939 0 0 2:6,-1/6,-1 1 -1 0:/ 0
42941 0 3 2:3,-1/3,-1 1 -1 0:/ 0
42942 0 6 2:6,-1/6,-1 1 2 2:2,-1/2,-1 1
42943 0 4 2:4,-1/4,-1 1 -1 0:/ 0
42947 0 0 2:3,-1/3,-1 1 -1 0:/ 0
42948 0 0 2:6,-1/6,-1 1 -1 0:/ 0
43846 0 -1 0:/ 0 0 2:0,-1/1,-1 1
43847 0 -1 0:/ 0 0 2:0,-1/1,-1 1
43850 0 -1 0:/ 0 0 2:0,-1/1,-1 1
43851 0 -1 0:/ 0 1 2:1,-1/2,-1 1
43852 0 -1 0:/ 0 0 2:0,-1/1,-1 1
43853 0 -1 0:/ 0 0 2:0,-1/1,-1 1
43854 0 -1 0:/ 0 0 2:0,-1/1,-1 1
43999 0 -1 0:/ 0 0 2:0,-1/1,-1 1
44001 0 0 2:0,-1/1,-1 1 -1 0:/ 0
44003 0 1 2:1,-1/2,-1 1 0 2:0,-1/1,-1 1
44004 0 0 2:0,-1/1,-1 1 1 2:1,-1/2,-1 1
44005 0 -1 0:/ 0 0 2:0,-1/1,-1 1
44006 0 1 2:1,-1/2,-1 1 -1 0:/ 0
44161 0 -1 0:/ 0 0 2:0,-1/1,-1 1
44162 0 -1 0:/ 0 0 2:0,-1/1,-1 1
44165 0 -1 0:/ 0 0 2:0,-1/1,-1 1
44166 0 -1 0:/ 0 1 2:1,-1/2,-1 1
44167 0 -1 0:/ 0 0 2:0,-1/1,-1 1
44168 0 -1 0:/ 0 0 2:0,-1/1,-1 1
44169 0 -1 0:/ 0 0 2:0,-1/1,-1 1
