g 0 0 = 1 0 0 0 0 1 0 70 4 0 0 0 GMT
l 0 0 = 1 0 0 0 0 1 0 70 4 0 0 0 UTC
c 0 0 = 1 0 546875204a616e2020312030303a30303a303020313937300a
C 0 0 = 1 0 546875204a616e2020312030303a30303a303020313937300a
g 0 1 = 1 0 1 0 0 1 0 70 4 0 0 0 GMT
l 0 1 = 1 0 1 0 0 1 0 70 4 0 0 0 UTC
c 0 1 = 1 0 546875204a616e2020312030303a30303a303120313937300a
C 0 1 = 1 0 546875204a616e2020312030303a30303a303120313937300a
g 0 -1 = 1 0 59 59 23 31 11 69 3 364 0 0 GMT
l 0 -1 = 1 0 59 59 23 31 11 69 3 364 0 0 UTC
c 0 -1 = 1 0 576564204465632033312032333a35393a353920313936390a
C 0 -1 = 1 0 576564204465632033312032333a35393a353920313936390a
g 0 59 = 1 0 59 0 0 1 0 70 4 0 0 0 GMT
l 0 59 = 1 0 59 0 0 1 0 70 4 0 0 0 UTC
c 0 59 = 1 0 546875204a616e2020312030303a30303a353920313937300a
C 0 59 = 1 0 546875204a616e2020312030303a30303a353920313937300a
g 0 60 = 1 0 0 1 0 1 0 70 4 0 0 0 GMT
l 0 60 = 1 0 0 1 0 1 0 70 4 0 0 0 UTC
c 0 60 = 1 0 546875204a616e2020312030303a30313a303020313937300a
C 0 60 = 1 0 546875204a616e2020312030303a30313a303020313937300a
g 0 3599 = 1 0 59 59 0 1 0 70 4 0 0 0 GMT
l 0 3599 = 1 0 59 59 0 1 0 70 4 0 0 0 UTC
c 0 3599 = 1 0 546875204a616e2020312030303a35393a353920313937300a
C 0 3599 = 1 0 546875204a616e2020312030303a35393a353920313937300a
g 0 3600 = 1 0 0 0 1 1 0 70 4 0 0 0 GMT
l 0 3600 = 1 0 0 0 1 1 0 70 4 0 0 0 UTC
c 0 3600 = 1 0 546875204a616e2020312030313a30303a303020313937300a
C 0 3600 = 1 0 546875204a616e2020312030313a30303a303020313937300a
g 0 86399 = 1 0 59 59 23 1 0 70 4 0 0 0 GMT
l 0 86399 = 1 0 59 59 23 1 0 70 4 0 0 0 UTC
c 0 86399 = 1 0 546875204a616e2020312032333a35393a353920313937300a
C 0 86399 = 1 0 546875204a616e2020312032333a35393a353920313937300a
g 0 86400 = 1 0 0 0 0 2 0 70 5 1 0 0 GMT
l 0 86400 = 1 0 0 0 0 2 0 70 5 1 0 0 UTC
c 0 86400 = 1 0 467269204a616e2020322030303a30303a303020313937300a
C 0 86400 = 1 0 467269204a616e2020322030303a30303a303020313937300a
g 0 -86399 = 1 0 1 0 0 31 11 69 3 364 0 0 GMT
l 0 -86399 = 1 0 1 0 0 31 11 69 3 364 0 0 UTC
c 0 -86399 = 1 0 576564204465632033312030303a30303a303120313936390a
C 0 -86399 = 1 0 576564204465632033312030303a30303a303120313936390a
g 0 -86400 = 1 0 0 0 0 31 11 69 3 364 0 0 GMT
l 0 -86400 = 1 0 0 0 0 31 11 69 3 364 0 0 UTC
c 0 -86400 = 1 0 576564204465632033312030303a30303a303020313936390a
C 0 -86400 = 1 0 576564204465632033312030303a30303a303020313936390a
g 0 -86401 = 1 0 59 59 23 30 11 69 2 363 0 0 GMT
l 0 -86401 = 1 0 59 59 23 30 11 69 2 363 0 0 UTC
c 0 -86401 = 1 0 547565204465632033302032333a35393a353920313936390a
C 0 -86401 = 1 0 547565204465632033302032333a35393a353920313936390a
g 0 951782400 = 1 0 0 0 0 29 1 100 2 59 0 0 GMT
l 0 951782400 = 1 0 0 0 0 29 1 100 2 59 0 0 UTC
c 0 951782400 = 1 0 547565204665622032392030303a30303a303020323030300a
C 0 951782400 = 1 0 547565204665622032392030303a30303a303020323030300a
g 0 951868799 = 1 0 59 59 23 29 1 100 2 59 0 0 GMT
l 0 951868799 = 1 0 59 59 23 29 1 100 2 59 0 0 UTC
c 0 951868799 = 1 0 547565204665622032392032333a35393a353920323030300a
C 0 951868799 = 1 0 547565204665622032392032333a35393a353920323030300a
g 0 951868800 = 1 0 0 0 0 1 2 100 3 60 0 0 GMT
l 0 951868800 = 1 0 0 0 0 1 2 100 3 60 0 0 UTC
c 0 951868800 = 1 0 576564204d61722020312030303a30303a303020323030300a
C 0 951868800 = 1 0 576564204d61722020312030303a30303a303020323030300a
g 0 1727519700 = 1 0 0 35 10 28 8 124 6 271 0 0 GMT
l 0 1727519700 = 1 0 0 35 10 28 8 124 6 271 0 0 UTC
c 0 1727519700 = 1 0 536174205365702032382031303a33353a303020323032340a
C 0 1727519700 = 1 0 536174205365702032382031303a33353a303020323032340a
g 0 1741503600 = 1 0 0 0 7 9 2 125 0 67 0 0 GMT
l 0 1741503600 = 1 0 0 0 7 9 2 125 0 67 0 0 UTC
c 0 1741503600 = 1 0 53756e204d61722020392030373a30303a303020323032350a
C 0 1741503600 = 1 0 53756e204d61722020392030373a30303a303020323032350a
g 0 1741507199 = 1 0 59 59 7 9 2 125 0 67 0 0 GMT
l 0 1741507199 = 1 0 59 59 7 9 2 125 0 67 0 0 UTC
c 0 1741507199 = 1 0 53756e204d61722020392030373a35393a353920323032350a
C 0 1741507199 = 1 0 53756e204d61722020392030373a35393a353920323032350a
g 0 1741507200 = 1 0 0 0 8 9 2 125 0 67 0 0 GMT
l 0 1741507200 = 1 0 0 0 8 9 2 125 0 67 0 0 UTC
c 0 1741507200 = 1 0 53756e204d61722020392030383a30303a303020323032350a
C 0 1741507200 = 1 0 53756e204d61722020392030383a30303a303020323032350a
g 0 1762063199 = 1 0 59 59 5 2 10 125 0 305 0 0 GMT
l 0 1762063199 = 1 0 59 59 5 2 10 125 0 305 0 0 UTC
c 0 1762063199 = 1 0 53756e204e6f762020322030353a35393a353920323032350a
C 0 1762063199 = 1 0 53756e204e6f762020322030353a35393a353920323032350a
g 0 1762063200 = 1 0 0 0 6 2 10 125 0 305 0 0 GMT
l 0 1762063200 = 1 0 0 0 6 2 10 125 0 305 0 0 UTC
c 0 1762063200 = 1 0 53756e204e6f762020322030363a30303a303020323032350a
C 0 1762063200 = 1 0 53756e204e6f762020322030363a30303a303020323032350a
g 0 1762066800 = 1 0 0 0 7 2 10 125 0 305 0 0 GMT
l 0 1762066800 = 1 0 0 0 7 2 10 125 0 305 0 0 UTC
c 0 1762066800 = 1 0 53756e204e6f762020322030373a30303a303020323032350a
C 0 1762066800 = 1 0 53756e204e6f762020322030373a30303a303020323032350a
g 0 -2208988800 = 1 0 0 0 0 1 0 0 1 0 0 0 GMT
l 0 -2208988800 = 1 0 0 0 0 1 0 0 1 0 0 0 UTC
c 0 -2208988800 = 1 0 4d6f6e204a616e2020312030303a30303a303020313930300a
C 0 -2208988800 = 1 0 4d6f6e204a616e2020312030303a30303a303020313930300a
g 0 -2208988801 = 1 0 59 59 23 31 11 -1 0 364 0 0 GMT
l 0 -2208988801 = 1 0 59 59 23 31 11 -1 0 364 0 0 UTC
c 0 -2208988801 = 1 0 53756e204465632033312032333a35393a353920313839390a
C 0 -2208988801 = 1 0 53756e204465632033312032333a35393a353920313839390a
g 0 -62135596800 = 1 0 0 0 0 1 0 -1899 1 0 0 0 GMT
l 0 -62135596800 = 1 0 0 0 0 1 0 -1899 1 0 0 0 UTC
c 0 -62135596800 = 1 0 4d6f6e204a616e2020312030303a30303a303020310a
C 0 -62135596800 = 1 0 4d6f6e204a616e2020312030303a30303a303020310a
g 0 -62135596801 = 1 0 59 59 23 31 11 -1900 0 365 0 0 GMT
l 0 -62135596801 = 1 0 59 59 23 31 11 -1900 0 365 0 0 UTC
c 0 -62135596801 = 1 0 53756e204465632033312032333a35393a353920300a
C 0 -62135596801 = 1 0 53756e204465632033312032333a35393a353920300a
g 0 -62167219200 = 1 0 0 0 0 1 0 -1900 6 0 0 0 GMT
l 0 -62167219200 = 1 0 0 0 0 1 0 -1900 6 0 0 0 UTC
c 0 -62167219200 = 1 0 536174204a616e2020312030303a30303a303020300a
C 0 -62167219200 = 1 0 536174204a616e2020312030303a30303a303020300a
g 0 -62167219201 = 1 0 59 59 23 31 11 -1901 5 364 0 0 GMT
l 0 -62167219201 = 1 0 59 59 23 31 11 -1901 5 364 0 0 UTC
c 0 -62167219201 = 1 0 467269204465632033312032333a35393a3539202d310a
C 0 -62167219201 = 1 0 467269204465632033312032333a35393a3539202d310a
g 0 253402300799 = 1 0 59 59 23 31 11 8099 5 364 0 0 GMT
l 0 253402300799 = 1 0 59 59 23 31 11 8099 5 364 0 0 UTC
c 0 253402300799 = 1 0 467269204465632033312032333a35393a353920393939390a
C 0 253402300799 = 1 0 467269204465632033312032333a35393a353920393939390a
g 0 253402300800 = 1 0 0 0 0 1 0 8100 6 0 0 0 GMT
l 0 253402300800 = 1 0 0 0 0 1 0 8100 6 0 0 0 UTC
c 0 253402300800 = 0 75 -
C 0 253402300800 = 1 0 536174204a616e2020312030303a30303a30302031303030300a
g 0 2147483647 = 1 0 7 14 3 19 0 138 2 18 0 0 GMT
l 0 2147483647 = 1 0 7 14 3 19 0 138 2 18 0 0 UTC
c 0 2147483647 = 1 0 547565204a616e2031392030333a31343a303720323033380a
C 0 2147483647 = 1 0 547565204a616e2031392030333a31343a303720323033380a
g 0 2147483648 = 1 0 8 14 3 19 0 138 2 18 0 0 GMT
l 0 2147483648 = 1 0 8 14 3 19 0 138 2 18 0 0 UTC
c 0 2147483648 = 1 0 547565204a616e2031392030333a31343a303820323033380a
C 0 2147483648 = 1 0 547565204a616e2031392030333a31343a303820323033380a
g 0 -2147483648 = 1 0 52 45 20 13 11 1 5 346 0 0 GMT
l 0 -2147483648 = 1 0 52 45 20 13 11 1 5 346 0 0 UTC
c 0 -2147483648 = 1 0 467269204465632031332032303a34353a353220313930310a
C 0 -2147483648 = 1 0 467269204465632031332032303a34353a353220313930310a
g 0 -2147483649 = 1 0 51 45 20 13 11 1 5 346 0 0 GMT
l 0 -2147483649 = 1 0 51 45 20 13 11 1 5 346 0 0 UTC
c 0 -2147483649 = 1 0 467269204465632031332032303a34353a353120313930310a
C 0 -2147483649 = 1 0 467269204465632031332032303a34353a353120313930310a
g 0 4294967296 = 1 0 16 28 6 7 1 206 0 37 0 0 GMT
l 0 4294967296 = 1 0 16 28 6 7 1 206 0 37 0 0 UTC
c 0 4294967296 = 1 0 53756e204665622020372030363a32383a313620323130360a
C 0 4294967296 = 1 0 53756e204665622020372030363a32383a313620323130360a
g 0 1099511627776 = 1 0 16 36 0 20 1 34912 1 50 0 0 GMT
l 0 1099511627776 = 1 0 16 36 0 20 1 34912 1 50 0 0 UTC
c 0 1099511627776 = 0 75 -
C 0 1099511627776 = 1 0 4d6f6e204665622032302030303a33363a31362033363831320a
g 0 -1099511627776 = 1 0 44 23 23 12 10 -34773 6 315 0 0 GMT
l 0 -1099511627776 = 1 0 44 23 23 12 10 -34773 6 315 0 0 UTC
c 0 -1099511627776 = 0 75 -
C 0 -1099511627776 = 1 0 536174204e6f762031322032333a32333a3434202d33323837330a
g 0 67767976233532799 = 1 0 59 59 23 31 11 2147481747 2 364 0 0 GMT
l 0 67767976233532799 = 1 0 59 59 23 31 11 2147481747 2 364 0 0 UTC
c 0 67767976233532799 = 0 75 -
C 0 67767976233532799 = 1 0 547565204465632033312032333a35393a353920323134373438333634370a
g 0 67767976233532800 = 1 0 0 0 0 1 0 2147481748 3 0 0 0 GMT
l 0 67767976233532800 = 1 0 0 0 0 1 0 2147481748 3 0 0 0 UTC
c 0 67767976233532800 = 0 75 -
C 0 67767976233532800 = 0 75 -
g 0 67767976233529200 = 1 0 0 0 23 31 11 2147481747 2 364 0 0 GMT
l 0 67767976233529200 = 1 0 0 0 23 31 11 2147481747 2 364 0 0 UTC
c 0 67767976233529200 = 0 75 -
C 0 67767976233529200 = 1 0 547565204465632033312032333a30303a303020323134373438333634370a
g 0 67767976233516000 = 1 0 0 20 19 31 11 2147481747 2 364 0 0 GMT
l 0 67767976233516000 = 1 0 0 20 19 31 11 2147481747 2 364 0 0 UTC
c 0 67767976233516000 = 0 75 -
C 0 67767976233516000 = 1 0 547565204465632033312031393a32303a303020323134373438333634370a
g 0 -67768040609740800 = 1 0 0 0 0 1 0 -2147483648 4 0 0 0 GMT
l 0 -67768040609740800 = 1 0 0 0 0 1 0 -2147483648 4 0 0 0 UTC
c 0 -67768040609740800 = 0 75 -
C 0 -67768040609740800 = 1 0 546875204a616e2020312030303a30303a3030202d323134373438313734380a
g 0 -67768040609740801 = 0 75 59 59 23 27 6 2147483647 3 222 -7 -12345 sentinel
l 0 -67768040609740801 = 0 75 59 59 23 27 6 2147483647 3 222 -7 -12345 sentinel
c 0 -67768040609740801 = 0 22 -
C 0 -67768040609740801 = 0 22 -
g 0 -67768040609722801 = 1 0 59 59 4 1 0 -2147483648 4 0 0 0 GMT
l 0 -67768040609722801 = 1 0 59 59 4 1 0 -2147483648 4 0 0 0 UTC
c 0 -67768040609722801 = 0 75 -
C 0 -67768040609722801 = 1 0 546875204a616e2020312030343a35393a3539202d323134373438313734380a
g 0 9223372036854775807 = 0 75 7 30 15 27 6 219248568 0 222 -7 -12345 sentinel
l 0 9223372036854775807 = 0 75 7 30 15 27 6 219248568 0 222 -7 -12345 sentinel
c 0 9223372036854775807 = 0 22 -
C 0 9223372036854775807 = 0 22 -
g 0 -9223372036854775808 = 0 75 52 29 8 27 6 -219248429 0 222 -7 -12345 sentinel
l 0 -9223372036854775808 = 0 75 52 29 8 27 6 -219248429 0 222 -7 -12345 sentinel
c 0 -9223372036854775808 = 0 22 -
C 0 -9223372036854775808 = 0 22 -
g 0 -9223372036854775807 = 0 75 53 29 8 27 6 -219248429 0 222 -7 -12345 sentinel
l 0 -9223372036854775807 = 0 75 53 29 8 27 6 -219248429 0 222 -7 -12345 sentinel
c 0 -9223372036854775807 = 0 22 -
C 0 -9223372036854775807 = 0 22 -
g 0 9223372036854689407 = 0 75 7 30 15 27 6 219248568 6 222 -7 -12345 sentinel
l 0 9223372036854689407 = 0 75 7 30 15 27 6 219248568 6 222 -7 -12345 sentinel
c 0 9223372036854689407 = 0 22 -
C 0 9223372036854689407 = 0 22 -
g 0 4611686018427387904 = 0 75 4 45 7 27 6 109624319 2 222 -7 -12345 sentinel
l 0 4611686018427387904 = 0 75 4 45 7 27 6 109624319 2 222 -7 -12345 sentinel
c 0 4611686018427387904 = 0 22 -
C 0 4611686018427387904 = 0 22 -
g 0 -4611686018427387904 = 0 75 56 14 16 27 6 -109624180 5 222 -7 -12345 sentinel
l 0 -4611686018427387904 = 0 75 56 14 16 27 6 -109624180 5 222 -7 -12345 sentinel
c 0 -4611686018427387904 = 0 22 -
C 0 -4611686018427387904 = 0 22 -
g 0 72057594037927936 = 0 75 16 52 12 27 6 -2011552972 3 222 -7 -12345 sentinel
l 0 72057594037927936 = 0 75 16 52 12 27 6 -2011552972 3 222 -7 -12345 sentinel
c 0 72057594037927936 = 0 22 -
C 0 72057594037927936 = 0 22 -
g 0 -72057594037927936 = 0 75 44 7 11 27 6 2011553111 4 222 -7 -12345 sentinel
l 0 -72057594037927936 = 0 75 44 7 11 27 6 2011553111 4 222 -7 -12345 sentinel
c 0 -72057594037927936 = 0 22 -
C 0 -72057594037927936 = 0 22 -
g 0 1000000000000000 = 1 0 40 46 1 5 6 31688808 0 186 0 0 GMT
l 0 1000000000000000 = 1 0 40 46 1 5 6 31688808 0 186 0 0 UTC
c 0 1000000000000000 = 0 75 -
C 0 1000000000000000 = 1 0 53756e204a756c2020352030313a34363a34302033313639303730380a
g 0 -1000000000000000 = 1 0 20 13 22 29 5 -31688669 0 179 0 0 GMT
l 0 -1000000000000000 = 1 0 20 13 22 29 5 -31688669 0 179 0 0 UTC
c 0 -1000000000000000 = 0 75 -
C 0 -1000000000000000 = 1 0 53756e204a756e2032392032323a31333a3230202d33313638363736390a
g 0 100000000000000000 = 0 75 40 46 9 27 6 -1126093376 3 222 -7 -12345 sentinel
l 0 100000000000000000 = 0 75 40 46 9 27 6 -1126093376 3 222 -7 -12345 sentinel
c 0 100000000000000000 = 0 22 -
C 0 100000000000000000 = 0 22 -
g 0 -100000000000000000 = 0 75 20 13 14 27 6 1126093515 4 222 -7 -12345 sentinel
l 0 -100000000000000000 = 0 75 20 13 14 27 6 1126093515 4 222 -7 -12345 sentinel
c 0 -100000000000000000 = 0 22 -
C 0 -100000000000000000 = 0 22 -
g 0 1000000000000000000 = 0 75 40 46 1 27 6 1623967504 5 222 -7 -12345 sentinel
l 0 1000000000000000000 = 0 75 40 46 1 27 6 1623967504 5 222 -7 -12345 sentinel
c 0 1000000000000000000 = 0 22 -
C 0 1000000000000000000 = 0 22 -
g 0 -1000000000000000000 = 0 75 20 13 22 27 6 -1623967365 2 222 -7 -12345 sentinel
l 0 -1000000000000000000 = 0 75 20 13 22 27 6 -1623967365 2 222 -7 -12345 sentinel
c 0 -1000000000000000000 = 0 22 -
C 0 -1000000000000000000 = 0 22 -
g 0 132716447243 = 1 0 23 47 23 13 7 4275 0 224 0 0 GMT
l 0 132716447243 = 1 0 23 47 23 13 7 4275 0 224 0 0 UTC
c 0 132716447243 = 1 0 53756e204175672031332032333a34373a323320363137350a
C 0 132716447243 = 1 0 53756e204175672031332032333a34373a323320363137350a
g 0 -158776581060 = 1 0 0 9 2 28 6 -4962 1 208 0 0 GMT
l 0 -158776581060 = 1 0 0 9 2 28 6 -4962 1 208 0 0 UTC
c 0 -158776581060 = 0 75 -
C 0 -158776581060 = 1 0 4d6f6e204a756c2032382030323a30393a3030202d333036320a
g 0 -683126300315 = 1 0 25 21 14 4 7 -21578 5 215 0 0 GMT
l 0 -683126300315 = 1 0 25 21 14 4 7 -21578 5 215 0 0 UTC
c 0 -683126300315 = 0 75 -
C 0 -683126300315 = 1 0 467269204175672020342031343a32313a3235202d31393637380a
g 0 858075270803 = 1 0 23 53 17 28 3 27261 5 117 0 0 GMT
l 0 858075270803 = 1 0 23 53 17 28 3 27261 5 117 0 0 UTC
c 0 858075270803 = 0 75 -
C 0 858075270803 = 1 0 467269204170722032382031373a35333a32332032393136310a
g 0 450814100278 = 1 0 58 57 18 24 8 14355 1 266 0 0 GMT
l 0 450814100278 = 1 0 58 57 18 24 8 14355 1 266 0 0 UTC
c 0 450814100278 = 0 75 -
C 0 450814100278 = 1 0 4d6f6e205365702032342031383a35373a35382031363235350a
g 0 376703333795 = 1 0 35 56 6 4 3 12007 4 93 0 0 GMT
l 0 376703333795 = 1 0 35 56 6 4 3 12007 4 93 0 0 UTC
c 0 376703333795 = 0 75 -
C 0 376703333795 = 1 0 546875204170722020342030363a35363a33352031333930370a
g 0 932144829189 = 1 0 9 13 7 30 5 29608 2 181 0 0 GMT
l 0 932144829189 = 1 0 9 13 7 30 5 29608 2 181 0 0 UTC
c 0 932144829189 = 0 75 -
C 0 932144829189 = 1 0 547565204a756e2033302030373a31333a30392033313530380a
g 0 43074673409 = 1 0 29 3 11 25 11 1434 6 358 0 0 GMT
l 0 43074673409 = 1 0 29 3 11 25 11 1434 6 358 0 0 UTC
c 0 43074673409 = 1 0 536174204465632032352031313a30333a323920333333340a
C 0 43074673409 = 1 0 536174204465632032352031313a30333a323920333333340a
g 0 -666040317196 = 1 0 44 46 0 9 0 -21036 3 8 0 0 GMT
l 0 -666040317196 = 1 0 44 46 0 9 0 -21036 3 8 0 0 UTC
c 0 -666040317196 = 0 75 -
C 0 -666040317196 = 1 0 576564204a616e2020392030303a34363a3434202d31393133360a
g 0 -55727167871 = 1 0 49 8 15 29 0 -1696 0 28 0 0 GMT
l 0 -55727167871 = 1 0 49 8 15 29 0 -1696 0 28 0 0 UTC
c 0 -55727167871 = 1 0 53756e204a616e2032392031353a30383a3439203230340a
C 0 -55727167871 = 1 0 53756e204a616e2032392031353a30383a3439203230340a
g 0 -337860961512 = 1 0 48 54 4 12 7 -10637 0 223 0 0 GMT
l 0 -337860961512 = 1 0 48 54 4 12 7 -10637 0 223 0 0 UTC
c 0 -337860961512 = 0 75 -
C 0 -337860961512 = 1 0 53756e204175672031322030343a35343a3438202d383733370a
g 0 -182005614325 = 1 0 35 54 12 22 5 -5698 2 172 0 0 GMT
l 0 -182005614325 = 1 0 35 54 12 22 5 -5698 2 172 0 0 UTC
c 0 -182005614325 = 0 75 -
C 0 -182005614325 = 1 0 547565204a756e2032322031323a35343a3335202d333739380a
g 0 -309524356886 = 1 0 34 58 3 25 6 -9739 6 205 0 0 GMT
l 0 -309524356886 = 1 0 34 58 3 25 6 -9739 6 205 0 0 UTC
c 0 -309524356886 = 0 75 -
C 0 -309524356886 = 1 0 536174204a756c2032352030333a35383a3334202d373833390a
g 0 -653634118719 = 1 0 21 1 7 27 1 -20643 2 57 0 0 GMT
l 0 -653634118719 = 1 0 21 1 7 27 1 -20643 2 57 0 0 UTC
c 0 -653634118719 = 0 75 -
C 0 -653634118719 = 1 0 547565204665622032372030373a30313a3231202d31383734330a
g 0 -364037403409 = 1 0 11 3 3 11 1 -11466 6 41 0 0 GMT
l 0 -364037403409 = 1 0 11 3 3 11 1 -11466 6 41 0 0 UTC
c 0 -364037403409 = 0 75 -
C 0 -364037403409 = 1 0 536174204665622031312030333a30333a3131202d393536360a
g 0 5822835578 = 1 0 38 19 22 8 6 254 1 188 0 0 GMT
l 0 5822835578 = 1 0 38 19 22 8 6 254 1 188 0 0 UTC
c 0 5822835578 = 1 0 4d6f6e204a756c2020382032323a31393a333820323135340a
C 0 5822835578 = 1 0 4d6f6e204a756c2020382032323a31393a333820323135340a
g 0 -1093390129035 = 1 0 45 42 15 5 10 -34579 3 308 0 0 GMT
l 0 -1093390129035 = 1 0 45 42 15 5 10 -34579 3 308 0 0 UTC
c 0 -1093390129035 = 0 75 -
C 0 -1093390129035 = 1 0 576564204e6f762020352031353a34323a3435202d33323637390a
g 0 -890001621438 = 1 0 42 22 7 21 11 -28134 0 354 0 0 GMT
l 0 -890001621438 = 1 0 42 22 7 21 11 -28134 0 354 0 0 UTC
c 0 -890001621438 = 0 75 -
C 0 -890001621438 = 1 0 53756e204465632032312030373a32323a3432202d32363233340a
g 0 787791746855 = 1 0 35 47 0 16 1 25034 2 46 0 0 GMT
l 0 787791746855 = 1 0 35 47 0 16 1 25034 2 46 0 0 UTC
c 0 787791746855 = 0 75 -
C 0 787791746855 = 1 0 547565204665622031362030303a34373a33352032363933340a
g 0 490014569256 = 1 0 36 7 22 10 11 15597 5 343 0 0 GMT
l 0 490014569256 = 1 0 36 7 22 10 11 15597 5 343 0 0 UTC
c 0 490014569256 = 0 75 -
C 0 490014569256 = 1 0 467269204465632031302032323a30373a33362031373439370a
g 0 -355091463888 = 1 0 12 15 2 8 7 -11183 3 219 0 0 GMT
l 0 -355091463888 = 1 0 12 15 2 8 7 -11183 3 219 0 0 UTC
c 0 -355091463888 = 0 75 -
C 0 -355091463888 = 1 0 576564204175672020382030323a31353a3132202d393238330a
g 0 -534201321796 = 1 0 44 56 7 1 10 -16859 1 304 0 0 GMT
l 0 -534201321796 = 1 0 44 56 7 1 10 -16859 1 304 0 0 UTC
c 0 -534201321796 = 0 75 -
C 0 -534201321796 = 1 0 4d6f6e204e6f762020312030373a35363a3434202d31343935390a
g 0 -820927426741 = 1 0 59 40 3 6 10 -25945 0 309 0 0 GMT
l 0 -820927426741 = 1 0 59 40 3 6 10 -25945 0 309 0 0 UTC
c 0 -820927426741 = 0 75 -
C 0 -820927426741 = 1 0 53756e204e6f762020362030333a34303a3539202d32343034350a
g 0 466258686743 = 1 0 23 52 13 24 1 14845 6 54 0 0 GMT
l 0 466258686743 = 1 0 23 52 13 24 1 14845 6 54 0 0 UTC
c 0 466258686743 = 0 75 -
C 0 466258686743 = 1 0 536174204665622032342031333a35323a32332031363734350a
g 0 120328292930 = 1 0 50 48 13 19 0 3883 0 18 0 0 GMT
l 0 120328292930 = 1 0 50 48 13 19 0 3883 0 18 0 0 UTC
c 0 120328292930 = 1 0 53756e204a616e2031392031333a34383a353020353738330a
C 0 120328292930 = 1 0 53756e204a616e2031392031333a34383a353020353738330a
g 0 -507686351901 = 1 0 39 21 13 22 0 -16018 0 21 0 0 GMT
l 0 -507686351901 = 1 0 39 21 13 22 0 -16018 0 21 0 0 UTC
c 0 -507686351901 = 0 75 -
C 0 -507686351901 = 1 0 53756e204a616e2032322031333a32313a3339202d31343131380a
g 0 -667205593066 = 1 0 14 2 1 5 1 -21073 5 35 0 0 GMT
l 0 -667205593066 = 1 0 14 2 1 5 1 -21073 5 35 0 0 UTC
c 0 -667205593066 = 0 75 -
C 0 -667205593066 = 1 0 467269204665622020352030313a30323a3134202d31393137330a
g 0 905835613207 = 1 0 7 40 11 15 9 28774 4 287 0 0 GMT
l 0 905835613207 = 1 0 7 40 11 15 9 28774 4 287 0 0 UTC
c 0 905835613207 = 0 75 -
C 0 905835613207 = 1 0 546875204f63742031352031313a34303a30372033303637340a
g 0 -893560590405 = 1 0 15 53 12 11 2 -28246 3 69 0 0 GMT
l 0 -893560590405 = 1 0 15 53 12 11 2 -28246 3 69 0 0 UTC
c 0 -893560590405 = 0 75 -
C 0 -893560590405 = 1 0 576564204d61722031312031323a35333a3135202d32363334360a
g 0 399243418763 = 1 0 23 39 21 9 6 12721 1 189 0 0 GMT
l 0 399243418763 = 1 0 23 39 21 9 6 12721 1 189 0 0 UTC
c 0 399243418763 = 0 75 -
C 0 399243418763 = 1 0 4d6f6e204a756c2020392032313a33393a32332031343632310a
g 0 7776167931235567882 = 0 75 22 31 19 27 6 1603816355 2 222 -7 -12345 sentinel
l 0 7776167931235567882 = 0 75 22 31 19 27 6 1603816355 2 222 -7 -12345 sentinel
c 0 7776167931235567882 = 0 22 -
C 0 7776167931235567882 = 0 22 -
g 0 -7434919656509760172 = 0 75 8 57 15 27 6 619976535 6 222 -7 -12345 sentinel
l 0 -7434919656509760172 = 0 75 8 57 15 27 6 619976535 6 222 -7 -12345 sentinel
c 0 -7434919656509760172 = 0 22 -
C 0 -7434919656509760172 = 0 22 -
g 0 -3030135352246909038 = 0 75 42 42 17 27 6 -1531886236 2 222 -7 -12345 sentinel
l 0 -3030135352246909038 = 0 75 42 42 17 27 6 -1531886236 2 222 -7 -12345 sentinel
c 0 -3030135352246909038 = 0 22 -
C 0 -3030135352246909038 = 0 22 -
g 0 -5807072557520922011 = 0 75 49 39 1 27 6 664790032 3 222 -7 -12345 sentinel
l 0 -5807072557520922011 = 0 75 49 39 1 27 6 664790032 3 222 -7 -12345 sentinel
c 0 -5807072557520922011 = 0 22 -
C 0 -5807072557520922011 = 0 22 -
g 0 2533119941152263968 = 0 75 8 6 11 27 6 -1333003133 1 222 -7 -12345 sentinel
l 0 2533119941152263968 = 0 75 8 6 11 27 6 -1333003133 1 222 -7 -12345 sentinel
c 0 2533119941152263968 = 0 22 -
C 0 2533119941152263968 = 0 22 -
g 0 4641544954163718785 = 0 75 5 13 15 27 6 1055816326 5 222 -7 -12345 sentinel
l 0 4641544954163718785 = 0 75 5 13 15 27 6 1055816326 5 222 -7 -12345 sentinel
c 0 4641544954163718785 = 0 22 -
C 0 4641544954163718785 = 0 22 -
g 0 1110143691333047921 = 0 75 41 18 17 27 6 819314841 0 222 -7 -12345 sentinel
l 0 1110143691333047921 = 0 75 41 18 17 27 6 819314841 0 222 -7 -12345 sentinel
c 0 1110143691333047921 = 0 22 -
C 0 1110143691333047921 = 0 22 -
g 0 6711428325389633900 = 0 75 20 58 12 27 6 -2071667520 2 222 -7 -12345 sentinel
l 0 6711428325389633900 = 0 75 20 58 12 27 6 -2071667520 2 222 -7 -12345 sentinel
c 0 6711428325389633900 = 0 22 -
C 0 6711428325389633900 = 0 22 -
g 0 -1879546609985595483 = 0 75 57 41 21 27 6 569081178 3 222 -7 -12345 sentinel
l 0 -1879546609985595483 = 0 75 57 41 21 27 6 569081178 3 222 -7 -12345 sentinel
c 0 -1879546609985595483 = 0 22 -
C 0 -1879546609985595483 = 0 22 -
g 0 -5102123360632081117 = 0 75 23 1 13 27 6 1528904313 6 222 -7 -12345 sentinel
l 0 -5102123360632081117 = 0 75 23 1 13 27 6 1528904313 6 222 -7 -12345 sentinel
c 0 -5102123360632081117 = 0 22 -
C 0 -5102123360632081117 = 0 22 -
f 0 0 0 0 1 0 70 0 = 1 0 30
m 0 0 0 0 1 0 70 0 = 0 0 0 0 0 1 0 70 4 0 0 0 UTC
t 0 0 0 0 1 0 70 0 = 0 0 0 0 0 1 0 70 4 0 0 0 GMT
f 0 59 59 23 31 11 99 0 = 9 0 393436363834373939
m 0 59 59 23 31 11 99 0 = 946684799 0 59 59 23 31 11 99 5 364 0 0 UTC
t 0 59 59 23 31 11 99 0 = 946684799 0 59 59 23 31 11 99 5 364 0 0 GMT
f 0 0 0 0 29 1 100 0 = 9 0 393531373832343030
m 0 0 0 0 29 1 100 0 = 951782400 0 0 0 0 29 1 100 2 59 0 0 UTC
t 0 0 0 0 29 1 100 0 = 951782400 0 0 0 0 29 1 100 2 59 0 0 GMT
f 0 0 0 0 29 1 101 0 = 9 0 393833343034383030
m 0 0 0 0 29 1 101 0 = 983404800 0 0 0 0 1 2 101 4 59 0 0 UTC
t 0 0 0 0 29 1 101 0 = 983404800 0 0 0 0 1 2 101 4 59 0 0 GMT
f 0 60 59 23 31 11 116 0 = 10 0 31343833323238383030
m 0 60 59 23 31 11 116 0 = 1483228800 0 0 0 0 1 0 117 0 0 0 0 UTC
t 0 60 59 23 31 11 116 0 = 1483228800 0 0 0 0 1 0 117 0 0 0 0 GMT
f 0 0 0 0 0 0 70 0 = 6 0 2d3836343030
m 0 0 0 0 0 0 70 0 = -86400 0 0 0 0 31 11 69 3 364 0 0 UTC
t 0 0 0 0 0 0 70 0 = -86400 0 0 0 0 31 11 69 3 364 0 0 GMT
f 0 0 0 0 1 12 70 0 = 8 0 3331353336303030
m 0 0 0 0 1 12 70 0 = 31536000 0 0 0 0 1 0 71 5 0 0 0 UTC
t 0 0 0 0 1 12 70 0 = 31536000 0 0 0 0 1 0 71 5 0 0 0 GMT
f 0 0 0 0 1 -1 70 0 = 8 0 2d32363738343030
m 0 0 0 0 1 -1 70 0 = -2678400 0 0 0 0 1 11 69 1 334 0 0 UTC
t 0 0 0 0 1 -1 70 0 = -2678400 0 0 0 0 1 11 69 1 334 0 0 GMT
f 0 0 0 0 1 -13 70 0 = 9 0 2d3334323134343030
m 0 0 0 0 1 -13 70 0 = -34214400 0 0 0 0 1 11 68 0 335 0 0 UTC
t 0 0 0 0 1 -13 70 0 = -34214400 0 0 0 0 1 11 68 0 335 0 0 GMT
f 0 -1 0 0 1 0 70 0 = 2 0 2d31
m 0 -1 0 0 1 0 70 0 = -1 0 59 59 23 31 11 69 3 364 0 0 UTC
t 0 -1 0 0 1 0 70 0 = -1 0 59 59 23 31 11 69 3 364 0 0 GMT
f 0 0 -1 0 1 0 70 0 = 3 0 2d3630
m 0 0 -1 0 1 0 70 0 = -60 0 0 59 23 31 11 69 3 364 0 0 UTC
t 0 0 -1 0 1 0 70 0 = -60 0 0 59 23 31 11 69 3 364 0 0 GMT
f 0 0 0 -1 1 0 70 0 = 5 0 2d33363030
m 0 0 0 -1 1 0 70 0 = -3600 0 0 0 23 31 11 69 3 364 0 0 UTC
t 0 0 0 -1 1 0 70 0 = -3600 0 0 0 23 31 11 69 3 364 0 0 GMT
f 0 0 0 0 -1 0 70 0 = 7 0 2d313732383030
m 0 0 0 0 -1 0 70 0 = -172800 0 0 0 0 30 11 69 2 363 0 0 UTC
t 0 0 0 0 -1 0 70 0 = -172800 0 0 0 0 30 11 69 2 363 0 0 GMT
f 0 0 0 0 366 0 70 0 = 8 0 3331353336303030
m 0 0 0 0 366 0 70 0 = 31536000 0 0 0 0 1 0 71 5 0 0 0 UTC
t 0 0 0 0 366 0 70 0 = 31536000 0 0 0 0 1 0 71 5 0 0 0 GMT
f 0 0 0 0 1000000 0 70 0 = 11 0 3836333939393133363030
m 0 0 0 0 1000000 0 70 0 = 86399913600 0 0 0 0 28 10 2807 4 331 0 0 UTC
t 0 0 0 0 1000000 0 70 0 = 86399913600 0 0 0 0 28 10 2807 4 331 0 0 GMT
f 0 34560000 0 0 1 0 70 0 = 8 0 3334353630303030
m 0 34560000 0 0 1 0 70 0 = 34560000 0 0 0 0 5 1 71 5 35 0 0 UTC
t 0 34560000 0 0 1 0 70 0 = 34560000 0 0 0 0 5 1 71 5 35 0 0 GMT
f 0 0 0 0 1 0 -1900 0 = 12 0 2d3632313637323139323030
m 0 0 0 0 1 0 -1900 0 = -62167219200 0 0 0 0 1 0 -1900 6 0 0 0 UTC
t 0 0 0 0 1 0 -1900 0 = -62167219200 0 0 0 0 1 0 -1900 6 0 0 0 GMT
f 0 0 0 0 1 0 -1901 0 = 12 0 2d3632313938373535323030
m 0 0 0 0 1 0 -1901 0 = -62198755200 0 0 0 0 1 0 -1901 5 0 0 0 UTC
t 0 0 0 0 1 0 -1901 0 = -62198755200 0 0 0 0 1 0 -1901 5 0 0 0 GMT
f 0 0 0 0 1 0 8099 0 = 12 0 323533333730373634383030
m 0 0 0 0 1 0 8099 0 = 253370764800 0 0 0 0 1 0 8099 5 0 0 0 UTC
t 0 0 0 0 1 0 8099 0 = 253370764800 0 0 0 0 1 0 8099 5 0 0 0 GMT
f 0 0 0 0 1 0 8100 0 = 12 0 323533343032333030383030
m 0 0 0 0 1 0 8100 0 = 253402300800 0 0 0 0 1 0 8100 6 0 0 0 UTC
t 0 0 0 0 1 0 8100 0 = 253402300800 0 0 0 0 1 0 8100 6 0 0 0 GMT
f 0 0 0 0 1 0 2147483647 0 = 17 0 3637373638303336313630313430383030
m 0 0 0 0 1 0 2147483647 0 = 67768036160140800 0 0 0 0 1 0 2147483647 3 0 0 0 UTC
t 0 0 0 0 1 0 2147483647 0 = 67768036160140800 0 0 0 0 1 0 2147483647 3 0 0 0 GMT
f 0 0 0 0 31 11 2147483647 0 = 17 0 3637373638303336313931353930343030
m 0 0 0 0 31 11 2147483647 0 = 67768036191590400 0 0 0 0 31 11 2147483647 3 364 0 0 UTC
t 0 0 0 0 31 11 2147483647 0 = 67768036191590400 0 0 0 0 31 11 2147483647 3 364 0 0 GMT
f 0 59 59 23 31 11 2147483647 0 = 17 0 3637373638303336313931363736373939
m 0 59 59 23 31 11 2147483647 0 = 67768036191676799 0 59 59 23 31 11 2147483647 3 364 0 0 UTC
t 0 59 59 23 31 11 2147483647 0 = 67768036191676799 0 59 59 23 31 11 2147483647 3 364 0 0 GMT
f 0 0 0 0 1 0 -2147483648 0 = 18 0 2d3637373638303430363039373430383030
m 0 0 0 0 1 0 -2147483648 0 = -67768040609740800 0 0 0 0 1 0 -2147483648 4 0 0 0 UTC
t 0 0 0 0 1 0 -2147483648 0 = -67768040609740800 0 0 0 0 1 0 -2147483648 4 0 0 0 GMT
f 0 0 0 0 1 12 2147483647 0 = 2 75 2d31
m 0 0 0 0 1 12 2147483647 0 = -1 75 0 0 0 1 12 2147483647 3 222 0 -12345 sentinel
t 0 0 0 0 1 12 2147483647 0 = -1 75 0 0 0 1 12 2147483647 3 222 0 -12345 sentinel
f 0 0 0 0 1 -1 -2147483648 0 = 2 75 2d31
m 0 0 0 0 1 -1 -2147483648 0 = -1 75 0 0 0 1 -1 -2147483648 3 222 0 -12345 sentinel
t 0 0 0 0 1 -1 -2147483648 0 = -1 75 0 0 0 1 -1 -2147483648 3 222 0 -12345 sentinel
f 0 2147483647 2147483647 2147483647 2147483647 2147483647 2147483647 0 = 2 75 2d31
m 0 2147483647 2147483647 2147483647 2147483647 2147483647 2147483647 0 = -1 75 2147483647 2147483647 2147483647 2147483647 2147483647 2147483647 3 222 0 -12345 sentinel
t 0 2147483647 2147483647 2147483647 2147483647 2147483647 2147483647 0 = -1 75 2147483647 2147483647 2147483647 2147483647 2147483647 2147483647 3 222 0 -12345 sentinel
f 0 -2147483648 -2147483648 -2147483648 -2147483648 -2147483648 -2147483648 0 = 2 75 2d31
m 0 -2147483648 -2147483648 -2147483648 -2147483648 -2147483648 -2147483648 0 = -1 75 -2147483648 -2147483648 -2147483648 -2147483648 -2147483648 -2147483648 3 222 0 -12345 sentinel
t 0 -2147483648 -2147483648 -2147483648 -2147483648 -2147483648 -2147483648 0 = -1 75 -2147483648 -2147483648 -2147483648 -2147483648 -2147483648 -2147483648 3 222 0 -12345 sentinel
f 0 2147483647 0 0 1 0 70 0 = 10 0 32313437343833363437
m 0 2147483647 0 0 1 0 70 0 = 2147483647 0 7 14 3 19 0 138 2 18 0 0 UTC
t 0 2147483647 0 0 1 0 70 0 = 2147483647 0 7 14 3 19 0 138 2 18 0 0 GMT
f 0 -2147483648 0 0 1 0 70 0 = 11 0 2d32313437343833363438
m 0 -2147483648 0 0 1 0 70 0 = -2147483648 0 52 45 20 13 11 1 5 346 0 0 UTC
t 0 -2147483648 0 0 1 0 70 0 = -2147483648 0 52 45 20 13 11 1 5 346 0 0 GMT
f 0 0 0 0 2147483647 0 70 0 = 15 0 313835353432353837303134343030
m 0 0 0 0 2147483647 0 70 0 = 185542587014400 0 0 0 0 10 6 5879680 4 191 0 0 UTC
t 0 0 0 0 2147483647 0 70 0 = 185542587014400 0 0 0 0 10 6 5879680 4 191 0 0 GMT
f 0 0 0 0 -2147483648 0 70 0 = 16 0 2d313835353432353837323733363030
m 0 0 0 0 -2147483648 0 70 0 = -185542587273600 0 0 0 0 22 5 -5879541 1 172 0 0 UTC
t 0 0 0 0 -2147483648 0 70 0 = -185542587273600 0 0 0 0 22 5 -5879541 1 172 0 0 GMT
f 0 0 0 0 1 2147483647 70 0 = 16 0 35363437333336353330373339323030
m 0 0 0 0 1 2147483647 70 0 = 5647336530739200 0 0 0 0 1 7 178957040 1 213 0 0 UTC
t 0 0 0 0 1 2147483647 70 0 = 5647336530739200 0 0 0 0 1 7 178957040 1 213 0 0 GMT
f 0 0 0 0 1 -2147483648 70 0 = 17 0 2d35363437333336353333353034303030
m 0 0 0 0 1 -2147483648 70 0 = -5647336533504000 0 0 0 0 1 4 -178956901 3 120 0 0 UTC
t 0 0 0 0 1 -2147483648 70 0 = -5647336533504000 0 0 0 0 1 4 -178956901 3 120 0 0 GMT
f 0 0 0 0 1 0 2147481747 0 = 17 0 3637373637393736323031393936383030
m 0 0 0 0 1 0 2147481747 0 = 67767976201996800 0 0 0 0 1 0 2147481747 2 0 0 0 UTC
t 0 0 0 0 1 0 2147481747 0 = 67767976201996800 0 0 0 0 1 0 2147481747 2 0 0 0 GMT
f 0 0 0 0 1 0 2147481748 0 = 17 0 3637373637393736323333353332383030
m 0 0 0 0 1 0 2147481748 0 = 67767976233532800 0 0 0 0 1 0 2147481748 3 0 0 0 UTC
t 0 0 0 0 1 0 2147481748 0 = 67767976233532800 0 0 0 0 1 0 2147481748 3 0 0 0 GMT
f 0 0 30 2 9 2 125 -1 = 10 0 31373431343837343030
m 0 0 30 2 9 2 125 -1 = 1741487400 0 0 30 2 9 2 125 0 67 0 0 UTC
t 0 0 30 2 9 2 125 -1 = 1741487400 0 0 30 2 9 2 125 0 67 0 0 GMT
f 0 0 30 2 9 2 125 0 = 10 0 31373431343837343030
m 0 0 30 2 9 2 125 0 = 1741487400 0 0 30 2 9 2 125 0 67 0 0 UTC
t 0 0 30 2 9 2 125 0 = 1741487400 0 0 30 2 9 2 125 0 67 0 0 GMT
f 0 0 30 2 9 2 125 1 = 10 0 31373431343833383030
m 0 0 30 2 9 2 125 1 = 1741483800 0 0 30 1 9 2 125 0 67 0 0 UTC
t 0 0 30 2 9 2 125 1 = 1741487400 0 0 30 2 9 2 125 0 67 0 0 GMT
f 0 0 30 1 2 10 125 -1 = 10 0 31373632303437303030
m 0 0 30 1 2 10 125 -1 = 1762047000 0 0 30 1 2 10 125 0 305 0 0 UTC
t 0 0 30 1 2 10 125 -1 = 1762047000 0 0 30 1 2 10 125 0 305 0 0 GMT
f 0 0 30 1 2 10 125 0 = 10 0 31373632303437303030
m 0 0 30 1 2 10 125 0 = 1762047000 0 0 30 1 2 10 125 0 305 0 0 UTC
t 0 0 30 1 2 10 125 0 = 1762047000 0 0 30 1 2 10 125 0 305 0 0 GMT
f 0 0 30 1 2 10 125 1 = 10 0 31373632303433343030
m 0 0 30 1 2 10 125 1 = 1762043400 0 0 30 0 2 10 125 0 305 0 0 UTC
t 0 0 30 1 2 10 125 1 = 1762047000 0 0 30 1 2 10 125 0 305 0 0 GMT
f 0 0 0 12 1 6 125 0 = 10 0 31373531333731323030
m 0 0 0 12 1 6 125 0 = 1751371200 0 0 0 12 1 6 125 2 181 0 0 UTC
t 0 0 0 12 1 6 125 0 = 1751371200 0 0 0 12 1 6 125 2 181 0 0 GMT
f 0 0 0 12 1 0 125 1 = 10 0 31373335373239323030
m 0 0 0 12 1 0 125 1 = 1735729200 0 0 0 11 1 0 125 3 0 0 0 UTC
t 0 0 0 12 1 0 125 1 = 1735732800 0 0 0 12 1 0 125 3 0 0 0 GMT
f 0 103 -39 76 484 17 -236 0 = 11 0 2d39353639373338323337
m 0 103 -39 76 484 17 -236 0 = -9569738237 0 43 22 3 30 8 -234 4 272 0 0 UTC
t 0 103 -39 76 484 17 -236 0 = -9569738237 0 43 22 3 30 8 -234 4 272 0 0 GMT
f 0 51 185 -48 -110 31 128 1 = 10 0 31393032303137313531
m 0 51 185 -48 -110 31 128 1 = 1902017151 0 51 5 2 10 3 130 3 99 0 0 UTC
t 0 51 185 -48 -110 31 128 1 = 1902020751 0 51 5 3 10 3 130 3 99 0 0 GMT
f 0 164 104 49 756 25 -181 0 = 11 0 2d37373839353534373936
m 0 164 104 49 756 25 -181 0 = -7789554796 0 44 46 2 28 1 -177 0 58 0 0 UTC
t 0 164 104 49 756 25 -181 0 = -7789554796 0 44 46 2 28 1 -177 0 58 0 0 GMT
f 0 -96 95 -5 549 9 -236 0 = 11 0 2d39353835343031313936
m 0 -96 95 -5 549 9 -236 0 = -9585401196 0 24 33 20 1 3 -234 4 90 0 0 UTC
t 0 -96 95 -5 549 9 -236 0 = -9585401196 0 24 33 20 1 3 -234 4 90 0 0 GMT
f 0 106 52 11 -280 -15 222 0 = 10 0 34373332393438343236
m 0 106 52 11 -280 -15 222 0 = 4732948426 0 46 53 11 25 11 219 1 358 0 0 UTC
t 0 106 52 11 -280 -15 222 0 = 4732948426 0 46 53 11 25 11 219 1 358 0 0 GMT
f 0 55 -91 -49 558 -11 161 1 = 10 0 32383930373538353935
m 0 55 -91 -49 558 -11 161 1 = 2890758595 0 55 29 20 8 7 161 1 219 0 0 UTC
t 0 55 -91 -49 558 -11 161 1 = 2890762195 0 55 29 21 8 7 161 1 219 0 0 GMT
f 0 84 86 4 -28 2 313 1 = 10 0 37363730393533363434
m 0 84 86 4 -28 2 313 1 = 7670953644 0 24 27 4 31 0 313 0 30 0 0 UTC
t 0 84 86 4 -28 2 313 1 = 7670957244 0 24 27 5 31 0 313 0 30 0 0 GMT
f 0 -91 183 72 725 -20 162 0 = 10 0 32393133343138383839
m 0 -91 183 72 725 -20 162 0 = 2913418889 0 29 1 3 28 3 162 5 117 0 0 UTC
t 0 -91 183 72 725 -20 162 0 = 2913418889 0 29 1 3 28 3 162 5 117 0 0 GMT
f 0 13 113 37 275 -17 149 -1 = 10 0 32343732303433393933
m 0 13 113 37 275 -17 149 -1 = 2472043993 0 13 53 14 2 4 148 6 122 0 0 UTC
t 0 13 113 37 275 -17 149 -1 = 2472043993 0 13 53 14 2 4 148 6 122 0 0 GMT
f 0 161 -55 -11 383 -5 104 -1 = 10 0 31303932363538303631
m 0 161 -55 -11 383 -5 104 -1 = 1092658061 0 41 7 12 16 7 104 1 228 0 0 UTC
t 0 161 -55 -11 383 -5 104 -1 = 1092658061 0 41 7 12 16 7 104 1 228 0 0 GMT
f 0 143 195 31 -120 -9 -230 0 = 11 0 2d39353031313131373537
m 0 143 195 31 -120 -9 -230 0 = -9501111757 0 23 17 10 2 11 -232 0 336 0 0 UTC
t 0 143 195 31 -120 -9 -230 0 = -9501111757 0 23 17 10 2 11 -232 0 336 0 0 GMT
f 0 95 116 73 153 -11 -69 1 = 11 0 2d34343031393030313435
m 0 95 116 73 153 -11 -69 1 = -4401900145 0 35 57 1 6 6 -70 2 186 0 0 UTC
t 0 95 116 73 153 -11 -69 1 = -4401896545 0 35 57 2 6 6 -70 2 186 0 0 GMT
f 0 122 144 -25 703 39 84 0 = 9 0 363034383035313632
m 0 122 144 -25 703 39 84 0 = 604805162 0 2 26 1 2 2 89 4 60 0 0 UTC
t 0 122 144 -25 703 39 84 0 = 604805162 0 2 26 1 2 2 89 4 60 0 0 GMT
f 0 60 193 -18 787 40 322 -1 = 10 0 38313235323632303430
m 0 60 193 -18 787 40 322 -1 = 8125262040 0 0 14 9 25 5 327 1 175 0 0 UTC
t 0 60 193 -18 787 40 322 -1 = 8125262040 0 0 14 9 25 5 327 1 175 0 0 GMT
f 0 23 63 -3 -240 21 -186 1 = 11 0 2d38303434323832353937
m 0 23 63 -3 -240 21 -186 1 = -8044282597 0 23 3 21 1 1 -185 5 31 0 0 UTC
t 0 23 63 -3 -240 21 -186 1 = -8044278997 0 23 3 22 1 1 -185 5 31 0 0 GMT
f 0 -36 175 -5 150 8 -190 1 = 11 0 2d38313730393435353336
m 0 -36 175 -5 150 8 -190 1 = -8170945536 0 24 54 20 27 0 -189 2 26 0 0 UTC
t 0 -36 175 -5 150 8 -190 1 = -8170941936 0 24 54 21 27 0 -189 2 26 0 0 GMT
f 0 118 184 -38 -216 -24 -8 0 = 11 0 2d32353433333936303432
m 0 118 184 -38 -216 -24 -8 0 = -2543396042 0 58 5 13 27 4 -11 1 146 0 0 UTC
t 0 118 184 -38 -216 -24 -8 0 = -2543396042 0 58 5 13 27 4 -11 1 146 0 0 GMT
f 0 74 -99 -23 -278 31 363 0 = 10 0 39333033343633333334
m 0 74 -99 -23 -278 31 363 0 = 9303463334 0 14 22 23 24 9 364 1 297 0 0 UTC
t 0 74 -99 -23 -278 31 363 0 = 9303463334 0 14 22 23 24 9 364 1 297 0 0 GMT
f 0 -51 169 19 261 -2 243 -1 = 10 0 35343736363238383839
m 0 -51 169 19 261 -2 243 -1 = 5476628889 0 9 48 21 19 6 243 5 199 0 0 UTC
t 0 -51 169 19 261 -2 243 -1 = 5476628889 0 9 48 21 19 6 243 5 199 0 0 GMT
f 0 185 -91 -5 447 37 232 0 = 10 0 35323438303835353235
m 0 185 -91 -5 447 37 232 0 = 5248085525 0 5 32 17 21 3 236 6 111 0 0 UTC
t 0 185 -91 -5 447 37 232 0 = 5248085525 0 5 32 17 21 3 236 6 111 0 0 GMT
f 0 146 116 80 -167 18 16 1 = 11 0 2d31363731313136343934
m 0 146 116 80 -167 18 16 1 = -1671116494 0 26 58 8 17 0 17 3 16 0 0 UTC
t 0 146 116 80 -167 18 16 1 = -1671112894 0 26 58 9 17 0 17 3 16 0 0 GMT
f 0 -54 99 -41 -161 -2 362 1 = 10 0 39313935323333383836
m 0 -54 99 -41 -161 -2 362 1 = 9195233886 0 6 38 7 21 4 361 2 140 0 0 UTC
t 0 -54 99 -41 -161 -2 362 1 = 9195237486 0 6 38 8 21 4 361 2 140 0 0 GMT
f 0 -47 -69 45 119 7 336 0 = 10 0 38343232383631383133
m 0 -47 -69 45 119 7 336 0 = 8422861813 0 13 50 19 28 10 336 1 332 0 0 UTC
t 0 -47 -69 45 119 7 336 0 = 8422861813 0 13 50 19 28 10 336 1 332 0 0 GMT
f 0 197 -91 -40 641 -13 -229 -1 = 11 0 2d39343134353532343633
m 0 197 -91 -40 641 -13 -229 -1 = -9414552463 0 17 32 6 31 7 -229 1 242 0 0 UTC
t 0 197 -91 -40 641 -13 -229 -1 = -9414552463 0 17 32 6 31 7 -229 1 242 0 0 GMT
f 0 38 115 -5 -379 39 6 -1 = 11 0 2d31393530303539303632
m 0 38 115 -5 -379 39 6 -1 = -1950059062 0 38 55 20 16 2 8 1 75 0 0 UTC
t 0 38 115 -5 -379 39 6 -1 = -1950059062 0 38 55 20 16 2 8 1 75 0 0 GMT
f 0 145 -42 10 137 3 167 1 = 10 0 33303830363232303235
m 0 145 -42 10 137 3 167 1 = 3080622025 0 25 20 8 15 7 167 1 226 0 0 UTC
t 0 145 -42 10 137 3 167 1 = 3080625625 0 25 20 9 15 7 167 1 226 0 0 GMT
f 0 56 87 46 -156 -6 42 1 = 10 0 2d393132393037393234
m 0 56 87 46 -156 -6 42 1 = -912907924 0 56 27 22 26 0 41 0 25 0 0 UTC
t 0 56 87 46 -156 -6 42 1 = -912904324 0 56 27 23 26 0 41 0 25 0 0 GMT
f 0 52 138 12 434 -11 178 0 = 10 0 33343136383235393332
m 0 52 138 12 434 -11 178 0 = 3416825932 0 52 18 14 10 3 178 0 99 0 0 UTC
t 0 52 138 12 434 -11 178 0 = 3416825932 0 52 18 14 10 3 178 0 99 0 0 GMT
f 0 94 121 53 734 -28 200 1 = 10 0 34303932333537373534
m 0 94 121 53 734 -28 200 1 = 4092357754 0 34 2 6 6 8 199 0 248 0 0 UTC
t 0 94 121 53 734 -28 200 1 = 4092361354 0 34 2 7 6 8 199 0 248 0 0 GMT
f 0 153 151 79 530 15 207 0 = 10 0 34343038363830383133
m 0 153 151 79 530 15 207 0 = 4408680813 0 33 33 9 15 8 209 0 257 0 0 UTC
t 0 153 151 79 530 15 207 0 = 4408680813 0 33 33 9 15 8 209 0 257 0 0 GMT
f 0 382107791 982893036 -713352171 1268601382 1997862572 1351645802 0 = 17 0 3438303134373839303430313735313531
m 0 382107791 982893036 -713352171 1268601382 1997862572 1351645802 0 = 48014789040175151 0 11 39 0 9 4 1521528164 5 129 0 0 UTC
t 0 382107791 982893036 -713352171 1268601382 1997862572 1351645802 0 = 48014789040175151 0 11 39 0 9 4 1521528164 5 129 0 0 GMT
f 0 -269492548 570313975 -1183486459 291655691 188212142 492489546 0 = 17 0 3136303537333839333331373935393532
m 0 -269492548 570313975 -1183486459 291655691 188212142 492489546 0 = 16057389331795952 0 32 52 10 21 7 508838481 5 232 0 0 UTC
t 0 -269492548 570313975 -1183486459 291655691 188212142 492489546 0 = 16057389331795952 0 32 52 10 21 7 508838481 5 232 0 0 GMT
f 0 1693495731 1387788057 437279061 -1628031829 1358542095 -558562306 0 = 18 0 2d3134313932393038323333313239323439
m 0 1693495731 1387788057 437279061 -1628031829 1358542095 -558562306 0 = -14192908233129249 0 51 25 5 8 4 -449755288 5 128 0 0 UTC
t 0 1693495731 1387788057 437279061 -1628031829 1358542095 -558562306 0 = -14192908233129249 0 51 25 5 8 4 -449755288 5 128 0 0 GMT
f 0 -2110148300 -1371423806 1267766923 -34980012 1105040098 2039127656 0 = 17 0 3637323536303833343233303139373430
m 0 -2110148300 -1371423806 1267766923 -34980012 1105040098 2039127656 0 = 67256083423019740 0 40 15 3 2 7 2131260510 1 213 0 0 UTC
t 0 -2110148300 -1371423806 1267766923 -34980012 1105040098 2039127656 0 = 67256083423019740 0 40 15 3 2 7 2131260510 1 213 0 0 GMT
f 0 219494008 -1162678066 1553633996 161494413 1431333502 359442232 0 = 17 0 3135313236343139323632383639323438
m 0 219494008 -1162678066 1553633996 161494413 1431333502 359442232 0 = 15126419262869248 0 28 47 22 26 6 479337214 0 206 0 0 UTC
t 0 219494008 -1162678066 1553633996 161494413 1431333502 359442232 0 = 15126419262869248 0 28 47 22 26 6 479337214 0 206 0 0 GMT
f 0 374499464 -1690423804 -1399261138 592082291 605577004 -527999129 0 = 18 0 2d3135303233353134313536323531313736
m 0 374499464 -1690423804 -1399261138 592082291 605577004 -527999129 0 = -15023514156251176 0 44 33 15 13 5 -476076142 2 163 0 0 UTC
t 0 374499464 -1690423804 -1399261138 592082291 605577004 -527999129 0 = -15023514156251176 0 44 33 15 13 5 -476076142 2 163 0 0 GMT
f 0 1877790577 -1965898283 1240027761 -1397976785 -1113692918 152736451 0 = 16 0 31373734373237393736393831393937
m 0 1877790577 -1965898283 1240027761 -1397976785 -1113692918 152736451 0 = 1774727976981997 0 37 6 22 12 9 56238960 2 285 0 0 UTC
t 0 1877790577 -1965898283 1240027761 -1397976785 -1113692918 152736451 0 = 1774727976981997 0 37 6 22 12 9 56238960 2 285 0 0 GMT
f 0 -974255932 556952638 682616220 -1655841716 829120704 -2108555110 0 = 18 0 2d3634343939373732363132373533363532
m 0 -974255932 556952638 682616220 -1655841716 829120704 -2108555110 0 = -64499772612753652 0 8 19 1 5 11 -2043916359 5 338 0 0 UTC
t 0 -974255932 556952638 682616220 -1655841716 829120704 -2108555110 0 = -64499772612753652 0 8 19 1 5 11 -2043916359 5 338 0 0 GMT
f 0 -389207384 1101701407 -582356082 1928654851 -343608692 -627525910 0 = 18 0 2d3230353431383035383033303735373634
m 0 -389207384 1101701407 -582356082 1928654851 -343608692 -627525910 0 = -20541805803075764 0 16 57 22 12 5 -650943843 2 162 0 0 UTC
t 0 -389207384 1101701407 -582356082 1928654851 -343608692 -627525910 0 = -20541805803075764 0 16 57 22 12 5 -650943843 2 162 0 0 GMT
f 0 1044398129 -1185180998 -51570206 -2980759 -443825111 768240383 0 = 17 0 3233303735363632313134373133343439
m 0 1044398129 -1185180998 -51570206 -2980759 -443825111 768240383 0 = 23075662114713449 0 29 57 23 15 7 731238692 3 227 0 0 UTC
t 0 1044398129 -1185180998 -51570206 -2980759 -443825111 768240383 0 = 23075662114713449 0 29 57 23 15 7 731238692 3 227 0 0 GMT
g 1 0 = 1 0 0 0 0 1 0 70 4 0 0 0 GMT
l 1 0 = 1 0 0 0 19 31 11 69 3 364 0 -18000 EST
c 1 0 = 1 0 576564204465632033312031393a30303a303020313936390a
C 1 0 = 1 0 576564204465632033312031393a30303a303020313936390a
g 1 1 = 1 0 1 0 0 1 0 70 4 0 0 0 GMT
l 1 1 = 1 0 1 0 19 31 11 69 3 364 0 -18000 EST
c 1 1 = 1 0 576564204465632033312031393a30303a303120313936390a
C 1 1 = 1 0 576564204465632033312031393a30303a303120313936390a
g 1 -1 = 1 0 59 59 23 31 11 69 3 364 0 0 GMT
l 1 -1 = 1 0 59 59 18 31 11 69 3 364 0 -18000 EST
c 1 -1 = 1 0 576564204465632033312031383a35393a353920313936390a
C 1 -1 = 1 0 576564204465632033312031383a35393a353920313936390a
g 1 59 = 1 0 59 0 0 1 0 70 4 0 0 0 GMT
l 1 59 = 1 0 59 0 19 31 11 69 3 364 0 -18000 EST
c 1 59 = 1 0 576564204465632033312031393a30303a353920313936390a
C 1 59 = 1 0 576564204465632033312031393a30303a353920313936390a
g 1 60 = 1 0 0 1 0 1 0 70 4 0 0 0 GMT
l 1 60 = 1 0 0 1 19 31 11 69 3 364 0 -18000 EST
c 1 60 = 1 0 576564204465632033312031393a30313a303020313936390a
C 1 60 = 1 0 576564204465632033312031393a30313a303020313936390a
g 1 3599 = 1 0 59 59 0 1 0 70 4 0 0 0 GMT
l 1 3599 = 1 0 59 59 19 31 11 69 3 364 0 -18000 EST
c 1 3599 = 1 0 576564204465632033312031393a35393a353920313936390a
C 1 3599 = 1 0 576564204465632033312031393a35393a353920313936390a
g 1 3600 = 1 0 0 0 1 1 0 70 4 0 0 0 GMT
l 1 3600 = 1 0 0 0 20 31 11 69 3 364 0 -18000 EST
c 1 3600 = 1 0 576564204465632033312032303a30303a303020313936390a
C 1 3600 = 1 0 576564204465632033312032303a30303a303020313936390a
g 1 86399 = 1 0 59 59 23 1 0 70 4 0 0 0 GMT
l 1 86399 = 1 0 59 59 18 1 0 70 4 0 0 -18000 EST
c 1 86399 = 1 0 546875204a616e2020312031383a35393a353920313937300a
C 1 86399 = 1 0 546875204a616e2020312031383a35393a353920313937300a
g 1 86400 = 1 0 0 0 0 2 0 70 5 1 0 0 GMT
l 1 86400 = 1 0 0 0 19 1 0 70 4 0 0 -18000 EST
c 1 86400 = 1 0 546875204a616e2020312031393a30303a303020313937300a
C 1 86400 = 1 0 546875204a616e2020312031393a30303a303020313937300a
g 1 -86399 = 1 0 1 0 0 31 11 69 3 364 0 0 GMT
l 1 -86399 = 1 0 1 0 19 30 11 69 2 363 0 -18000 EST
c 1 -86399 = 1 0 547565204465632033302031393a30303a303120313936390a
C 1 -86399 = 1 0 547565204465632033302031393a30303a303120313936390a
g 1 -86400 = 1 0 0 0 0 31 11 69 3 364 0 0 GMT
l 1 -86400 = 1 0 0 0 19 30 11 69 2 363 0 -18000 EST
c 1 -86400 = 1 0 547565204465632033302031393a30303a303020313936390a
C 1 -86400 = 1 0 547565204465632033302031393a30303a303020313936390a
g 1 -86401 = 1 0 59 59 23 30 11 69 2 363 0 0 GMT
l 1 -86401 = 1 0 59 59 18 30 11 69 2 363 0 -18000 EST
c 1 -86401 = 1 0 547565204465632033302031383a35393a353920313936390a
C 1 -86401 = 1 0 547565204465632033302031383a35393a353920313936390a
g 1 951782400 = 1 0 0 0 0 29 1 100 2 59 0 0 GMT
l 1 951782400 = 1 0 0 0 19 28 1 100 1 58 0 -18000 EST
c 1 951782400 = 1 0 4d6f6e204665622032382031393a30303a303020323030300a
C 1 951782400 = 1 0 4d6f6e204665622032382031393a30303a303020323030300a
g 1 951868799 = 1 0 59 59 23 29 1 100 2 59 0 0 GMT
l 1 951868799 = 1 0 59 59 18 29 1 100 2 59 0 -18000 EST
c 1 951868799 = 1 0 547565204665622032392031383a35393a353920323030300a
C 1 951868799 = 1 0 547565204665622032392031383a35393a353920323030300a
g 1 951868800 = 1 0 0 0 0 1 2 100 3 60 0 0 GMT
l 1 951868800 = 1 0 0 0 19 29 1 100 2 59 0 -18000 EST
c 1 951868800 = 1 0 547565204665622032392031393a30303a303020323030300a
C 1 951868800 = 1 0 547565204665622032392031393a30303a303020323030300a
g 1 1727519700 = 1 0 0 35 10 28 8 124 6 271 0 0 GMT
l 1 1727519700 = 1 0 0 35 6 28 8 124 6 271 1 -14400 EDT
c 1 1727519700 = 1 0 536174205365702032382030363a33353a303020323032340a
C 1 1727519700 = 1 0 536174205365702032382030363a33353a303020323032340a
g 1 1741503600 = 1 0 0 0 7 9 2 125 0 67 0 0 GMT
l 1 1741503600 = 1 0 0 0 3 9 2 125 0 67 1 -14400 EDT
c 1 1741503600 = 1 0 53756e204d61722020392030333a30303a303020323032350a
C 1 1741503600 = 1 0 53756e204d61722020392030333a30303a303020323032350a
g 1 1741507199 = 1 0 59 59 7 9 2 125 0 67 0 0 GMT
l 1 1741507199 = 1 0 59 59 3 9 2 125 0 67 1 -14400 EDT
c 1 1741507199 = 1 0 53756e204d61722020392030333a35393a353920323032350a
C 1 1741507199 = 1 0 53756e204d61722020392030333a35393a353920323032350a
g 1 1741507200 = 1 0 0 0 8 9 2 125 0 67 0 0 GMT
l 1 1741507200 = 1 0 0 0 4 9 2 125 0 67 1 -14400 EDT
c 1 1741507200 = 1 0 53756e204d61722020392030343a30303a303020323032350a
C 1 1741507200 = 1 0 53756e204d61722020392030343a30303a303020323032350a
g 1 1762063199 = 1 0 59 59 5 2 10 125 0 305 0 0 GMT
l 1 1762063199 = 1 0 59 59 1 2 10 125 0 305 1 -14400 EDT
c 1 1762063199 = 1 0 53756e204e6f762020322030313a35393a353920323032350a
C 1 1762063199 = 1 0 53756e204e6f762020322030313a35393a353920323032350a
g 1 1762063200 = 1 0 0 0 6 2 10 125 0 305 0 0 GMT
l 1 1762063200 = 1 0 0 0 1 2 10 125 0 305 0 -18000 EST
c 1 1762063200 = 1 0 53756e204e6f762020322030313a30303a303020323032350a
C 1 1762063200 = 1 0 53756e204e6f762020322030313a30303a303020323032350a
g 1 1762066800 = 1 0 0 0 7 2 10 125 0 305 0 0 GMT
l 1 1762066800 = 1 0 0 0 2 2 10 125 0 305 0 -18000 EST
c 1 1762066800 = 1 0 53756e204e6f762020322030323a30303a303020323032350a
C 1 1762066800 = 1 0 53756e204e6f762020322030323a30303a303020323032350a
g 1 -2208988800 = 1 0 0 0 0 1 0 0 1 0 0 0 GMT
l 1 -2208988800 = 1 0 0 0 19 31 11 -1 0 364 0 -18000 EST
c 1 -2208988800 = 1 0 53756e204465632033312031393a30303a303020313839390a
C 1 -2208988800 = 1 0 53756e204465632033312031393a30303a303020313839390a
g 1 -2208988801 = 1 0 59 59 23 31 11 -1 0 364 0 0 GMT
l 1 -2208988801 = 1 0 59 59 18 31 11 -1 0 364 0 -18000 EST
c 1 -2208988801 = 1 0 53756e204465632033312031383a35393a353920313839390a
C 1 -2208988801 = 1 0 53756e204465632033312031383a35393a353920313839390a
g 1 -62135596800 = 1 0 0 0 0 1 0 -1899 1 0 0 0 GMT
l 1 -62135596800 = 1 0 0 0 19 31 11 -1900 0 365 0 -18000 EST
c 1 -62135596800 = 1 0 53756e204465632033312031393a30303a303020300a
C 1 -62135596800 = 1 0 53756e204465632033312031393a30303a303020300a
g 1 -62135596801 = 1 0 59 59 23 31 11 -1900 0 365 0 0 GMT
l 1 -62135596801 = 1 0 59 59 18 31 11 -1900 0 365 0 -18000 EST
c 1 -62135596801 = 1 0 53756e204465632033312031383a35393a353920300a
C 1 -62135596801 = 1 0 53756e204465632033312031383a35393a353920300a
g 1 -62167219200 = 1 0 0 0 0 1 0 -1900 6 0 0 0 GMT
l 1 -62167219200 = 1 0 0 0 19 31 11 -1901 5 364 0 -18000 EST
c 1 -62167219200 = 1 0 467269204465632033312031393a30303a3030202d310a
C 1 -62167219200 = 1 0 467269204465632033312031393a30303a3030202d310a
g 1 -62167219201 = 1 0 59 59 23 31 11 -1901 5 364 0 0 GMT
l 1 -62167219201 = 1 0 59 59 18 31 11 -1901 5 364 0 -18000 EST
c 1 -62167219201 = 1 0 467269204465632033312031383a35393a3539202d310a
C 1 -62167219201 = 1 0 467269204465632033312031383a35393a3539202d310a
g 1 253402300799 = 1 0 59 59 23 31 11 8099 5 364 0 0 GMT
l 1 253402300799 = 1 0 59 59 18 31 11 8099 5 364 0 -18000 EST
c 1 253402300799 = 1 0 467269204465632033312031383a35393a353920393939390a
C 1 253402300799 = 1 0 467269204465632033312031383a35393a353920393939390a
g 1 253402300800 = 1 0 0 0 0 1 0 8100 6 0 0 0 GMT
l 1 253402300800 = 1 0 0 0 19 31 11 8099 5 364 0 -18000 EST
c 1 253402300800 = 1 0 467269204465632033312031393a30303a303020393939390a
C 1 253402300800 = 1 0 467269204465632033312031393a30303a303020393939390a
g 1 2147483647 = 1 0 7 14 3 19 0 138 2 18 0 0 GMT
l 1 2147483647 = 1 0 7 14 22 18 0 138 1 17 0 -18000 EST
c 1 2147483647 = 1 0 4d6f6e204a616e2031382032323a31343a303720323033380a
C 1 2147483647 = 1 0 4d6f6e204a616e2031382032323a31343a303720323033380a
g 1 2147483648 = 1 0 8 14 3 19 0 138 2 18 0 0 GMT
l 1 2147483648 = 1 0 8 14 22 18 0 138 1 17 0 -18000 EST
c 1 2147483648 = 1 0 4d6f6e204a616e2031382032323a31343a303820323033380a
C 1 2147483648 = 1 0 4d6f6e204a616e2031382032323a31343a303820323033380a
g 1 -2147483648 = 1 0 52 45 20 13 11 1 5 346 0 0 GMT
l 1 -2147483648 = 1 0 52 45 15 13 11 1 5 346 0 -18000 EST
c 1 -2147483648 = 1 0 467269204465632031332031353a34353a353220313930310a
C 1 -2147483648 = 1 0 467269204465632031332031353a34353a353220313930310a
g 1 -2147483649 = 1 0 51 45 20 13 11 1 5 346 0 0 GMT
l 1 -2147483649 = 1 0 51 45 15 13 11 1 5 346 0 -18000 EST
c 1 -2147483649 = 1 0 467269204465632031332031353a34353a353120313930310a
C 1 -2147483649 = 1 0 467269204465632031332031353a34353a353120313930310a
g 1 4294967296 = 1 0 16 28 6 7 1 206 0 37 0 0 GMT
l 1 4294967296 = 1 0 16 28 1 7 1 206 0 37 0 -18000 EST
c 1 4294967296 = 1 0 53756e204665622020372030313a32383a313620323130360a
C 1 4294967296 = 1 0 53756e204665622020372030313a32383a313620323130360a
g 1 1099511627776 = 1 0 16 36 0 20 1 34912 1 50 0 0 GMT
l 1 1099511627776 = 1 0 16 36 19 19 1 34912 0 49 0 -18000 EST
c 1 1099511627776 = 0 75 -
C 1 1099511627776 = 1 0 53756e204665622031392031393a33363a31362033363831320a
g 1 -1099511627776 = 1 0 44 23 23 12 10 -34773 6 315 0 0 GMT
l 1 -1099511627776 = 1 0 44 23 18 12 10 -34773 6 315 0 -18000 EST
c 1 -1099511627776 = 0 75 -
C 1 -1099511627776 = 1 0 536174204e6f762031322031383a32333a3434202d33323837330a
g 1 67767976233532799 = 1 0 59 59 23 31 11 2147481747 2 364 0 0 GMT
l 1 67767976233532799 = 1 0 59 59 18 31 11 2147481747 2 364 0 -18000 EST
c 1 67767976233532799 = 0 75 -
C 1 67767976233532799 = 1 0 547565204465632033312031383a35393a353920323134373438333634370a
g 1 67767976233532800 = 1 0 0 0 0 1 0 2147481748 3 0 0 0 GMT
l 1 67767976233532800 = 1 0 0 0 19 31 11 2147481747 2 364 0 -18000 EST
c 1 67767976233532800 = 0 75 -
C 1 67767976233532800 = 1 0 547565204465632033312031393a30303a303020323134373438333634370a
g 1 67767976233529200 = 1 0 0 0 23 31 11 2147481747 2 364 0 0 GMT
l 1 67767976233529200 = 1 0 0 0 18 31 11 2147481747 2 364 0 -18000 EST
c 1 67767976233529200 = 0 75 -
C 1 67767976233529200 = 1 0 547565204465632033312031383a30303a303020323134373438333634370a
g 1 67767976233516000 = 1 0 0 20 19 31 11 2147481747 2 364 0 0 GMT
l 1 67767976233516000 = 1 0 0 20 14 31 11 2147481747 2 364 0 -18000 EST
c 1 67767976233516000 = 0 75 -
C 1 67767976233516000 = 1 0 547565204465632033312031343a32303a303020323134373438333634370a
g 1 -67768040609740800 = 1 0 0 0 0 1 0 -2147483648 4 0 0 0 GMT
l 1 -67768040609740800 = 0 75 0 0 19 1 0 2147483647 3 0 0 -18000 EST
c 1 -67768040609740800 = 0 22 -
C 1 -67768040609740800 = 0 22 -
g 1 -67768040609740801 = 0 75 59 59 23 27 6 2147483647 3 222 -7 -12345 sentinel
l 1 -67768040609740801 = 0 75 59 59 23 27 6 2147483647 3 222 -7 -12345 sentinel
c 1 -67768040609740801 = 0 22 -
C 1 -67768040609740801 = 0 22 -
g 1 -67768040609722801 = 1 0 59 59 4 1 0 -2147483648 4 0 0 0 GMT
l 1 -67768040609722801 = 0 75 59 59 23 1 0 2147483647 3 0 0 -18000 EST
c 1 -67768040609722801 = 0 22 -
C 1 -67768040609722801 = 0 22 -
g 1 9223372036854775807 = 0 75 7 30 15 27 6 219248568 0 222 -7 -12345 sentinel
l 1 9223372036854775807 = 0 75 7 30 15 27 6 219248568 0 222 -7 -12345 sentinel
c 1 9223372036854775807 = 0 22 -
C 1 9223372036854775807 = 0 22 -
g 1 -9223372036854775808 = 0 75 52 29 8 27 6 -219248429 0 222 -7 -12345 sentinel
l 1 -9223372036854775808 = 0 75 52 29 8 27 6 -219248429 0 222 -7 -12345 sentinel
c 1 -9223372036854775808 = 0 22 -
C 1 -9223372036854775808 = 0 22 -
g 1 -9223372036854775807 = 0 75 53 29 8 27 6 -219248429 0 222 -7 -12345 sentinel
l 1 -9223372036854775807 = 0 75 53 29 8 27 6 -219248429 0 222 -7 -12345 sentinel
c 1 -9223372036854775807 = 0 22 -
C 1 -9223372036854775807 = 0 22 -
g 1 9223372036854689407 = 0 75 7 30 15 27 6 219248568 6 222 -7 -12345 sentinel
l 1 9223372036854689407 = 0 75 7 30 15 27 6 219248568 6 222 -7 -12345 sentinel
c 1 9223372036854689407 = 0 22 -
C 1 9223372036854689407 = 0 22 -
g 1 4611686018427387904 = 0 75 4 45 7 27 6 109624319 2 222 -7 -12345 sentinel
l 1 4611686018427387904 = 0 75 4 45 7 27 6 109624319 2 222 -7 -12345 sentinel
c 1 4611686018427387904 = 0 22 -
C 1 4611686018427387904 = 0 22 -
g 1 -4611686018427387904 = 0 75 56 14 16 27 6 -109624180 5 222 -7 -12345 sentinel
l 1 -4611686018427387904 = 0 75 56 14 16 27 6 -109624180 5 222 -7 -12345 sentinel
c 1 -4611686018427387904 = 0 22 -
C 1 -4611686018427387904 = 0 22 -
g 1 72057594037927936 = 0 75 16 52 12 27 6 -2011552972 3 222 -7 -12345 sentinel
l 1 72057594037927936 = 0 75 16 52 12 27 6 -2011552972 3 222 -7 -12345 sentinel
c 1 72057594037927936 = 0 22 -
C 1 72057594037927936 = 0 22 -
g 1 -72057594037927936 = 0 75 44 7 11 27 6 2011553111 4 222 -7 -12345 sentinel
l 1 -72057594037927936 = 0 75 44 7 11 27 6 2011553111 4 222 -7 -12345 sentinel
c 1 -72057594037927936 = 0 22 -
C 1 -72057594037927936 = 0 22 -
g 1 1000000000000000 = 1 0 40 46 1 5 6 31688808 0 186 0 0 GMT
l 1 1000000000000000 = 1 0 40 46 20 4 6 31688808 6 185 0 -18000 EST
c 1 1000000000000000 = 0 75 -
C 1 1000000000000000 = 1 0 536174204a756c2020342032303a34363a34302033313639303730380a
g 1 -1000000000000000 = 1 0 20 13 22 29 5 -31688669 0 179 0 0 GMT
l 1 -1000000000000000 = 1 0 20 13 17 29 5 -31688669 0 179 0 -18000 EST
c 1 -1000000000000000 = 0 75 -
C 1 -1000000000000000 = 1 0 53756e204a756e2032392031373a31333a3230202d33313638363736390a
g 1 100000000000000000 = 0 75 40 46 9 27 6 -1126093376 3 222 -7 -12345 sentinel
l 1 100000000000000000 = 0 75 40 46 9 27 6 -1126093376 3 222 -7 -12345 sentinel
c 1 100000000000000000 = 0 22 -
C 1 100000000000000000 = 0 22 -
g 1 -100000000000000000 = 0 75 20 13 14 27 6 1126093515 4 222 -7 -12345 sentinel
l 1 -100000000000000000 = 0 75 20 13 14 27 6 1126093515 4 222 -7 -12345 sentinel
c 1 -100000000000000000 = 0 22 -
C 1 -100000000000000000 = 0 22 -
g 1 1000000000000000000 = 0 75 40 46 1 27 6 1623967504 5 222 -7 -12345 sentinel
l 1 1000000000000000000 = 0 75 40 46 1 27 6 1623967504 5 222 -7 -12345 sentinel
c 1 1000000000000000000 = 0 22 -
C 1 1000000000000000000 = 0 22 -
g 1 -1000000000000000000 = 0 75 20 13 22 27 6 -1623967365 2 222 -7 -12345 sentinel
l 1 -1000000000000000000 = 0 75 20 13 22 27 6 -1623967365 2 222 -7 -12345 sentinel
c 1 -1000000000000000000 = 0 22 -
C 1 -1000000000000000000 = 0 22 -
g 1 132716447243 = 1 0 23 47 23 13 7 4275 0 224 0 0 GMT
l 1 132716447243 = 1 0 23 47 19 13 7 4275 0 224 1 -14400 EDT
c 1 132716447243 = 1 0 53756e204175672031332031393a34373a323320363137350a
C 1 132716447243 = 1 0 53756e204175672031332031393a34373a323320363137350a
g 1 -158776581060 = 1 0 0 9 2 28 6 -4962 1 208 0 0 GMT
l 1 -158776581060 = 1 0 0 9 21 27 6 -4962 0 207 0 -18000 EST
c 1 -158776581060 = 0 75 -
C 1 -158776581060 = 1 0 53756e204a756c2032372032313a30393a3030202d333036320a
g 1 -683126300315 = 1 0 25 21 14 4 7 -21578 5 215 0 0 GMT
l 1 -683126300315 = 1 0 25 21 9 4 7 -21578 5 215 0 -18000 EST
c 1 -683126300315 = 0 75 -
C 1 -683126300315 = 1 0 467269204175672020342030393a32313a3235202d31393637380a
g 1 858075270803 = 1 0 23 53 17 28 3 27261 5 117 0 0 GMT
l 1 858075270803 = 1 0 23 53 13 28 3 27261 5 117 1 -14400 EDT
c 1 858075270803 = 0 75 -
C 1 858075270803 = 1 0 467269204170722032382031333a35333a32332032393136310a
g 1 450814100278 = 1 0 58 57 18 24 8 14355 1 266 0 0 GMT
l 1 450814100278 = 1 0 58 57 14 24 8 14355 1 266 1 -14400 EDT
c 1 450814100278 = 0 75 -
C 1 450814100278 = 1 0 4d6f6e205365702032342031343a35373a35382031363235350a
g 1 376703333795 = 1 0 35 56 6 4 3 12007 4 93 0 0 GMT
l 1 376703333795 = 1 0 35 56 2 4 3 12007 4 93 1 -14400 EDT
c 1 376703333795 = 0 75 -
C 1 376703333795 = 1 0 546875204170722020342030323a35363a33352031333930370a
g 1 932144829189 = 1 0 9 13 7 30 5 29608 2 181 0 0 GMT
l 1 932144829189 = 1 0 9 13 3 30 5 29608 2 181 1 -14400 EDT
c 1 932144829189 = 0 75 -
C 1 932144829189 = 1 0 547565204a756e2033302030333a31333a30392033313530380a
g 1 43074673409 = 1 0 29 3 11 25 11 1434 6 358 0 0 GMT
l 1 43074673409 = 1 0 29 3 6 25 11 1434 6 358 0 -18000 EST
c 1 43074673409 = 1 0 536174204465632032352030363a30333a323920333333340a
C 1 43074673409 = 1 0 536174204465632032352030363a30333a323920333333340a
g 1 -666040317196 = 1 0 44 46 0 9 0 -21036 3 8 0 0 GMT
l 1 -666040317196 = 1 0 44 46 19 8 0 -21036 2 7 0 -18000 EST
c 1 -666040317196 = 0 75 -
C 1 -666040317196 = 1 0 547565204a616e2020382031393a34363a3434202d31393133360a
g 1 -55727167871 = 1 0 49 8 15 29 0 -1696 0 28 0 0 GMT
l 1 -55727167871 = 1 0 49 8 10 29 0 -1696 0 28 0 -18000 EST
c 1 -55727167871 = 1 0 53756e204a616e2032392031303a30383a3439203230340a
C 1 -55727167871 = 1 0 53756e204a616e2032392031303a30383a3439203230340a
g 1 -337860961512 = 1 0 48 54 4 12 7 -10637 0 223 0 0 GMT
l 1 -337860961512 = 1 0 48 54 23 11 7 -10637 6 222 0 -18000 EST
c 1 -337860961512 = 0 75 -
C 1 -337860961512 = 1 0 536174204175672031312032333a35343a3438202d383733370a
g 1 -182005614325 = 1 0 35 54 12 22 5 -5698 2 172 0 0 GMT
l 1 -182005614325 = 1 0 35 54 7 22 5 -5698 2 172 0 -18000 EST
c 1 -182005614325 = 0 75 -
C 1 -182005614325 = 1 0 547565204a756e2032322030373a35343a3335202d333739380a
g 1 -309524356886 = 1 0 34 58 3 25 6 -9739 6 205 0 0 GMT
l 1 -309524356886 = 1 0 34 58 22 24 6 -9739 5 204 0 -18000 EST
c 1 -309524356886 = 0 75 -
C 1 -309524356886 = 1 0 467269204a756c2032342032323a35383a3334202d373833390a
g 1 -653634118719 = 1 0 21 1 7 27 1 -20643 2 57 0 0 GMT
l 1 -653634118719 = 1 0 21 1 2 27 1 -20643 2 57 0 -18000 EST
c 1 -653634118719 = 0 75 -
C 1 -653634118719 = 1 0 547565204665622032372030323a30313a3231202d31383734330a
g 1 -364037403409 = 1 0 11 3 3 11 1 -11466 6 41 0 0 GMT
l 1 -364037403409 = 1 0 11 3 22 10 1 -11466 5 40 0 -18000 EST
c 1 -364037403409 = 0 75 -
C 1 -364037403409 = 1 0 467269204665622031302032323a30333a3131202d393536360a
g 1 5822835578 = 1 0 38 19 22 8 6 254 1 188 0 0 GMT
l 1 5822835578 = 1 0 38 19 18 8 6 254 1 188 1 -14400 EDT
c 1 5822835578 = 1 0 4d6f6e204a756c2020382031383a31393a333820323135340a
C 1 5822835578 = 1 0 4d6f6e204a756c2020382031383a31393a333820323135340a
g 1 -1093390129035 = 1 0 45 42 15 5 10 -34579 3 308 0 0 GMT
l 1 -1093390129035 = 1 0 45 42 10 5 10 -34579 3 308 0 -18000 EST
c 1 -1093390129035 = 0 75 -
C 1 -1093390129035 = 1 0 576564204e6f762020352031303a34323a3435202d33323637390a
g 1 -890001621438 = 1 0 42 22 7 21 11 -28134 0 354 0 0 GMT
l 1 -890001621438 = 1 0 42 22 2 21 11 -28134 0 354 0 -18000 EST
c 1 -890001621438 = 0 75 -
C 1 -890001621438 = 1 0 53756e204465632032312030323a32323a3432202d32363233340a
g 1 787791746855 = 1 0 35 47 0 16 1 25034 2 46 0 0 GMT
l 1 787791746855 = 1 0 35 47 19 15 1 25034 1 45 0 -18000 EST
c 1 787791746855 = 0 75 -
C 1 787791746855 = 1 0 4d6f6e204665622031352031393a34373a33352032363933340a
g 1 490014569256 = 1 0 36 7 22 10 11 15597 5 343 0 0 GMT
l 1 490014569256 = 1 0 36 7 17 10 11 15597 5 343 0 -18000 EST
c 1 490014569256 = 0 75 -
C 1 490014569256 = 1 0 467269204465632031302031373a30373a33362031373439370a
g 1 -355091463888 = 1 0 12 15 2 8 7 -11183 3 219 0 0 GMT
l 1 -355091463888 = 1 0 12 15 21 7 7 -11183 2 218 0 -18000 EST
c 1 -355091463888 = 0 75 -
C 1 -355091463888 = 1 0 547565204175672020372032313a31353a3132202d393238330a
g 1 -534201321796 = 1 0 44 56 7 1 10 -16859 1 304 0 0 GMT
l 1 -534201321796 = 1 0 44 56 2 1 10 -16859 1 304 0 -18000 EST
c 1 -534201321796 = 0 75 -
C 1 -534201321796 = 1 0 4d6f6e204e6f762020312030323a35363a3434202d31343935390a
g 1 -820927426741 = 1 0 59 40 3 6 10 -25945 0 309 0 0 GMT
l 1 -820927426741 = 1 0 59 40 22 5 10 -25945 6 308 0 -18000 EST
c 1 -820927426741 = 0 75 -
C 1 -820927426741 = 1 0 536174204e6f762020352032323a34303a3539202d32343034350a
g 1 466258686743 = 1 0 23 52 13 24 1 14845 6 54 0 0 GMT
l 1 466258686743 = 1 0 23 52 8 24 1 14845 6 54 0 -18000 EST
c 1 466258686743 = 0 75 -
C 1 466258686743 = 1 0 536174204665622032342030383a35323a32332031363734350a
g 1 120328292930 = 1 0 50 48 13 19 0 3883 0 18 0 0 GMT
l 1 120328292930 = 1 0 50 48 8 19 0 3883 0 18 0 -18000 EST
c 1 120328292930 = 1 0 53756e204a616e2031392030383a34383a353020353738330a
C 1 120328292930 = 1 0 53756e204a616e2031392030383a34383a353020353738330a
g 1 -507686351901 = 1 0 39 21 13 22 0 -16018 0 21 0 0 GMT
l 1 -507686351901 = 1 0 39 21 8 22 0 -16018 0 21 0 -18000 EST
c 1 -507686351901 = 0 75 -
C 1 -507686351901 = 1 0 53756e204a616e2032322030383a32313a3339202d31343131380a
g 1 -667205593066 = 1 0 14 2 1 5 1 -21073 5 35 0 0 GMT
l 1 -667205593066 = 1 0 14 2 20 4 1 -21073 4 34 0 -18000 EST
c 1 -667205593066 = 0 75 -
C 1 -667205593066 = 1 0 546875204665622020342032303a30323a3134202d31393137330a
g 1 905835613207 = 1 0 7 40 11 15 9 28774 4 287 0 0 GMT
l 1 905835613207 = 1 0 7 40 7 15 9 28774 4 287 1 -14400 EDT
c 1 905835613207 = 0 75 -
C 1 905835613207 = 1 0 546875204f63742031352030373a34303a30372033303637340a
g 1 -893560590405 = 1 0 15 53 12 11 2 -28246 3 69 0 0 GMT
l 1 -893560590405 = 1 0 15 53 7 11 2 -28246 3 69 0 -18000 EST
c 1 -893560590405 = 0 75 -
C 1 -893560590405 = 1 0 576564204d61722031312030373a35333a3135202d32363334360a
g 1 399243418763 = 1 0 23 39 21 9 6 12721 1 189 0 0 GMT
l 1 399243418763 = 1 0 23 39 17 9 6 12721 1 189 1 -14400 EDT
c 1 399243418763 = 0 75 -
C 1 399243418763 = 1 0 4d6f6e204a756c2020392031373a33393a32332031343632310a
g 1 7776167931235567882 = 0 75 22 31 19 27 6 1603816355 2 222 -7 -12345 sentinel
l 1 7776167931235567882 = 0 75 22 31 19 27 6 1603816355 2 222 -7 -12345 sentinel
c 1 7776167931235567882 = 0 22 -
C 1 7776167931235567882 = 0 22 -
g 1 -7434919656509760172 = 0 75 8 57 15 27 6 619976535 6 222 -7 -12345 sentinel
l 1 -7434919656509760172 = 0 75 8 57 15 27 6 619976535 6 222 -7 -12345 sentinel
c 1 -7434919656509760172 = 0 22 -
C 1 -7434919656509760172 = 0 22 -
g 1 -3030135352246909038 = 0 75 42 42 17 27 6 -1531886236 2 222 -7 -12345 sentinel
l 1 -3030135352246909038 = 0 75 42 42 17 27 6 -1531886236 2 222 -7 -12345 sentinel
c 1 -3030135352246909038 = 0 22 -
C 1 -3030135352246909038 = 0 22 -
g 1 -5807072557520922011 = 0 75 49 39 1 27 6 664790032 3 222 -7 -12345 sentinel
l 1 -5807072557520922011 = 0 75 49 39 1 27 6 664790032 3 222 -7 -12345 sentinel
c 1 -5807072557520922011 = 0 22 -
C 1 -5807072557520922011 = 0 22 -
g 1 2533119941152263968 = 0 75 8 6 11 27 6 -1333003133 1 222 -7 -12345 sentinel
l 1 2533119941152263968 = 0 75 8 6 11 27 6 -1333003133 1 222 -7 -12345 sentinel
c 1 2533119941152263968 = 0 22 -
C 1 2533119941152263968 = 0 22 -
g 1 4641544954163718785 = 0 75 5 13 15 27 6 1055816326 5 222 -7 -12345 sentinel
l 1 4641544954163718785 = 0 75 5 13 15 27 6 1055816326 5 222 -7 -12345 sentinel
c 1 4641544954163718785 = 0 22 -
C 1 4641544954163718785 = 0 22 -
g 1 1110143691333047921 = 0 75 41 18 17 27 6 819314841 0 222 -7 -12345 sentinel
l 1 1110143691333047921 = 0 75 41 18 17 27 6 819314841 0 222 -7 -12345 sentinel
c 1 1110143691333047921 = 0 22 -
C 1 1110143691333047921 = 0 22 -
g 1 6711428325389633900 = 0 75 20 58 12 27 6 -2071667520 2 222 -7 -12345 sentinel
l 1 6711428325389633900 = 0 75 20 58 12 27 6 -2071667520 2 222 -7 -12345 sentinel
c 1 6711428325389633900 = 0 22 -
C 1 6711428325389633900 = 0 22 -
g 1 -1879546609985595483 = 0 75 57 41 21 27 6 569081178 3 222 -7 -12345 sentinel
l 1 -1879546609985595483 = 0 75 57 41 21 27 6 569081178 3 222 -7 -12345 sentinel
c 1 -1879546609985595483 = 0 22 -
C 1 -1879546609985595483 = 0 22 -
g 1 -5102123360632081117 = 0 75 23 1 13 27 6 1528904313 6 222 -7 -12345 sentinel
l 1 -5102123360632081117 = 0 75 23 1 13 27 6 1528904313 6 222 -7 -12345 sentinel
c 1 -5102123360632081117 = 0 22 -
C 1 -5102123360632081117 = 0 22 -
f 1 0 0 0 1 0 70 0 = 5 0 3138303030
m 1 0 0 0 1 0 70 0 = 18000 0 0 0 0 1 0 70 4 0 0 -18000 EST
t 1 0 0 0 1 0 70 0 = 0 0 0 0 0 1 0 70 4 0 0 0 GMT
f 1 59 59 23 31 11 99 0 = 9 0 393436373032373939
m 1 59 59 23 31 11 99 0 = 946702799 0 59 59 23 31 11 99 5 364 0 -18000 EST
t 1 59 59 23 31 11 99 0 = 946684799 0 59 59 23 31 11 99 5 364 0 0 GMT
f 1 0 0 0 29 1 100 0 = 9 0 393531383030343030
m 1 0 0 0 29 1 100 0 = 951800400 0 0 0 0 29 1 100 2 59 0 -18000 EST
t 1 0 0 0 29 1 100 0 = 951782400 0 0 0 0 29 1 100 2 59 0 0 GMT
f 1 0 0 0 29 1 101 0 = 9 0 393833343232383030
m 1 0 0 0 29 1 101 0 = 983422800 0 0 0 0 1 2 101 4 59 0 -18000 EST
t 1 0 0 0 29 1 101 0 = 983404800 0 0 0 0 1 2 101 4 59 0 0 GMT
f 1 60 59 23 31 11 116 0 = 10 0 31343833323436383030
m 1 60 59 23 31 11 116 0 = 1483246800 0 0 0 0 1 0 117 0 0 0 -18000 EST
t 1 60 59 23 31 11 116 0 = 1483228800 0 0 0 0 1 0 117 0 0 0 0 GMT
f 1 0 0 0 0 0 70 0 = 6 0 2d3638343030
m 1 0 0 0 0 0 70 0 = -68400 0 0 0 0 31 11 69 3 364 0 -18000 EST
t 1 0 0 0 0 0 70 0 = -86400 0 0 0 0 31 11 69 3 364 0 0 GMT
f 1 0 0 0 1 12 70 0 = 8 0 3331353534303030
m 1 0 0 0 1 12 70 0 = 31554000 0 0 0 0 1 0 71 5 0 0 -18000 EST
t 1 0 0 0 1 12 70 0 = 31536000 0 0 0 0 1 0 71 5 0 0 0 GMT
f 1 0 0 0 1 -1 70 0 = 8 0 2d32363630343030
m 1 0 0 0 1 -1 70 0 = -2660400 0 0 0 0 1 11 69 1 334 0 -18000 EST
t 1 0 0 0 1 -1 70 0 = -2678400 0 0 0 0 1 11 69 1 334 0 0 GMT
f 1 0 0 0 1 -13 70 0 = 9 0 2d3334313936343030
m 1 0 0 0 1 -13 70 0 = -34196400 0 0 0 0 1 11 68 0 335 0 -18000 EST
t 1 0 0 0 1 -13 70 0 = -34214400 0 0 0 0 1 11 68 0 335 0 0 GMT
f 1 -1 0 0 1 0 70 0 = 5 0 3137393939
m 1 -1 0 0 1 0 70 0 = 17999 0 59 59 23 31 11 69 3 364 0 -18000 EST
t 1 -1 0 0 1 0 70 0 = -1 0 59 59 23 31 11 69 3 364 0 0 GMT
f 1 0 -1 0 1 0 70 0 = 5 0 3137393430
m 1 0 -1 0 1 0 70 0 = 17940 0 0 59 23 31 11 69 3 364 0 -18000 EST
t 1 0 -1 0 1 0 70 0 = -60 0 0 59 23 31 11 69 3 364 0 0 GMT
f 1 0 0 -1 1 0 70 0 = 5 0 3134343030
m 1 0 0 -1 1 0 70 0 = 14400 0 0 0 23 31 11 69 3 364 0 -18000 EST
t 1 0 0 -1 1 0 70 0 = -3600 0 0 0 23 31 11 69 3 364 0 0 GMT
f 1 0 0 0 -1 0 70 0 = 7 0 2d313534383030
m 1 0 0 0 -1 0 70 0 = -154800 0 0 0 0 30 11 69 2 363 0 -18000 EST
t 1 0 0 0 -1 0 70 0 = -172800 0 0 0 0 30 11 69 2 363 0 0 GMT
f 1 0 0 0 366 0 70 0 = 8 0 3331353534303030
m 1 0 0 0 366 0 70 0 = 31554000 0 0 0 0 1 0 71 5 0 0 -18000 EST
t 1 0 0 0 366 0 70 0 = 31536000 0 0 0 0 1 0 71 5 0 0 0 GMT
f 1 0 0 0 1000000 0 70 0 = 11 0 3836333939393331363030
m 1 0 0 0 1000000 0 70 0 = 86399931600 0 0 0 0 28 10 2807 4 331 0 -18000 EST
t 1 0 0 0 1000000 0 70 0 = 86399913600 0 0 0 0 28 10 2807 4 331 0 0 GMT
f 1 34560000 0 0 1 0 70 0 = 8 0 3334353738303030
m 1 34560000 0 0 1 0 70 0 = 34578000 0 0 0 0 5 1 71 5 35 0 -18000 EST
t 1 34560000 0 0 1 0 70 0 = 34560000 0 0 0 0 5 1 71 5 35 0 0 GMT
f 1 0 0 0 1 0 -1900 0 = 12 0 2d3632313637323031323030
m 1 0 0 0 1 0 -1900 0 = -62167201200 0 0 0 0 1 0 -1900 6 0 0 -18000 EST
t 1 0 0 0 1 0 -1900 0 = -62167219200 0 0 0 0 1 0 -1900 6 0 0 0 GMT
f 1 0 0 0 1 0 -1901 0 = 12 0 2d3632313938373337323030
m 1 0 0 0 1 0 -1901 0 = -62198737200 0 0 0 0 1 0 -1901 5 0 0 -18000 EST
t 1 0 0 0 1 0 -1901 0 = -62198755200 0 0 0 0 1 0 -1901 5 0 0 0 GMT
f 1 0 0 0 1 0 8099 0 = 12 0 323533333730373832383030
m 1 0 0 0 1 0 8099 0 = 253370782800 0 0 0 0 1 0 8099 5 0 0 -18000 EST
t 1 0 0 0 1 0 8099 0 = 253370764800 0 0 0 0 1 0 8099 5 0 0 0 GMT
f 1 0 0 0 1 0 8100 0 = 12 0 323533343032333138383030
m 1 0 0 0 1 0 8100 0 = 253402318800 0 0 0 0 1 0 8100 6 0 0 -18000 EST
t 1 0 0 0 1 0 8100 0 = 253402300800 0 0 0 0 1 0 8100 6 0 0 0 GMT
f 1 0 0 0 1 0 2147483647 0 = 17 0 3637373638303336313630313538383030
m 1 0 0 0 1 0 2147483647 0 = 67768036160158800 0 0 0 0 1 0 2147483647 3 0 0 -18000 EST
t 1 0 0 0 1 0 2147483647 0 = 67768036160140800 0 0 0 0 1 0 2147483647 3 0 0 0 GMT
f 1 0 0 0 31 11 2147483647 0 = 17 0 3637373638303336313931363038343030
m 1 0 0 0 31 11 2147483647 0 = 67768036191608400 0 0 0 0 31 11 2147483647 3 364 0 -18000 EST
t 1 0 0 0 31 11 2147483647 0 = 67768036191590400 0 0 0 0 31 11 2147483647 3 364 0 0 GMT
f 1 59 59 23 31 11 2147483647 0 = 2 75 2d31
m 1 59 59 23 31 11 2147483647 0 = -1 75 59 59 23 31 11 2147483647 3 222 0 -12345 sentinel
t 1 59 59 23 31 11 2147483647 0 = 67768036191676799 0 59 59 23 31 11 2147483647 3 364 0 0 GMT
f 1 0 0 0 1 0 -2147483648 0 = 18 0 2d3637373638303430363039373232383030
m 1 0 0 0 1 0 -2147483648 0 = -67768040609722800 0 0 0 0 1 0 -2147483648 4 0 0 -18000 EST
t 1 0 0 0 1 0 -2147483648 0 = -67768040609740800 0 0 0 0 1 0 -2147483648 4 0 0 0 GMT
f 1 0 0 0 1 12 2147483647 0 = 2 75 2d31
m 1 0 0 0 1 12 2147483647 0 = -1 75 0 0 0 1 12 2147483647 3 222 0 -12345 sentinel
t 1 0 0 0 1 12 2147483647 0 = -1 75 0 0 0 1 12 2147483647 3 222 0 -12345 sentinel
f 1 0 0 0 1 -1 -2147483648 0 = 2 75 2d31
m 1 0 0 0 1 -1 -2147483648 0 = -1 75 0 0 0 1 -1 -2147483648 3 222 0 -12345 sentinel
t 1 0 0 0 1 -1 -2147483648 0 = -1 75 0 0 0 1 -1 -2147483648 3 222 0 -12345 sentinel
f 1 2147483647 2147483647 2147483647 2147483647 2147483647 2147483647 0 = 2 75 2d31
m 1 2147483647 2147483647 2147483647 2147483647 2147483647 2147483647 0 = -1 75 2147483647 2147483647 2147483647 2147483647 2147483647 2147483647 3 222 0 -12345 sentinel
t 1 2147483647 2147483647 2147483647 2147483647 2147483647 2147483647 0 = -1 75 2147483647 2147483647 2147483647 2147483647 2147483647 2147483647 3 222 0 -12345 sentinel
f 1 -2147483648 -2147483648 -2147483648 -2147483648 -2147483648 -2147483648 0 = 2 75 2d31
m 1 -2147483648 -2147483648 -2147483648 -2147483648 -2147483648 -2147483648 0 = -1 75 -2147483648 -2147483648 -2147483648 -2147483648 -2147483648 -2147483648 3 222 0 -12345 sentinel
t 1 -2147483648 -2147483648 -2147483648 -2147483648 -2147483648 -2147483648 0 = -1 75 -2147483648 -2147483648 -2147483648 -2147483648 -2147483648 -2147483648 3 222 0 -12345 sentinel
f 1 2147483647 0 0 1 0 70 0 = 10 0 32313437353031363437
m 1 2147483647 0 0 1 0 70 0 = 2147501647 0 7 14 3 19 0 138 2 18 0 -18000 EST
t 1 2147483647 0 0 1 0 70 0 = 2147483647 0 7 14 3 19 0 138 2 18 0 0 GMT
f 1 -2147483648 0 0 1 0 70 0 = 11 0 2d32313437343635363438
m 1 -2147483648 0 0 1 0 70 0 = -2147465648 0 52 45 20 13 11 1 5 346 0 -18000 EST
t 1 -2147483648 0 0 1 0 70 0 = -2147483648 0 52 45 20 13 11 1 5 346 0 0 GMT
f 1 0 0 0 2147483647 0 70 0 = 15 0 313835353432353837303332343030
m 1 0 0 0 2147483647 0 70 0 = 185542587032400 0 0 0 1 10 6 5879680 4 191 1 -14400 EDT
t 1 0 0 0 2147483647 0 70 0 = 185542587014400 0 0 0 0 10 6 5879680 4 191 0 0 GMT
f 1 0 0 0 -2147483648 0 70 0 = 16 0 2d313835353432353837323535363030
m 1 0 0 0 -2147483648 0 70 0 = -185542587255600 0 0 0 0 22 5 -5879541 1 172 0 -18000 EST
t 1 0 0 0 -2147483648 0 70 0 = -185542587273600 0 0 0 0 22 5 -5879541 1 172 0 0 GMT
f 1 0 0 0 1 2147483647 70 0 = 16 0 35363437333336353330373537323030
m 1 0 0 0 1 2147483647 70 0 = 5647336530757200 0 0 0 0 1 7 178957040 1 213 0 -18000 EST
t 1 0 0 0 1 2147483647 70 0 = 5647336530739200 0 0 0 0 1 7 178957040 1 213 0 0 GMT
f 1 0 0 0 1 -2147483648 70 0 = 17 0 2d35363437333336353333343836303030
m 1 0 0 0 1 -2147483648 70 0 = -5647336533486000 0 0 0 0 1 4 -178956901 3 120 0 -18000 EST
t 1 0 0 0 1 -2147483648 70 0 = -5647336533504000 0 0 0 0 1 4 -178956901 3 120 0 0 GMT
f 1 0 0 0 1 0 2147481747 0 = 17 0 3637373637393736323032303134383030
m 1 0 0 0 1 0 2147481747 0 = 67767976202014800 0 0 0 0 1 0 2147481747 2 0 0 -18000 EST
t 1 0 0 0 1 0 2147481747 0 = 67767976201996800 0 0 0 0 1 0 2147481747 2 0 0 0 GMT
f 1 0 0 0 1 0 2147481748 0 = 17 0 3637373637393736323333353530383030
m 1 0 0 0 1 0 2147481748 0 = 67767976233550800 0 0 0 0 1 0 2147481748 3 0 0 -18000 EST
t 1 0 0 0 1 0 2147481748 0 = 67767976233532800 0 0 0 0 1 0 2147481748 3 0 0 0 GMT
f 1 0 30 2 9 2 125 -1 = 10 0 31373431353035343030
m 1 0 30 2 9 2 125 -1 = 1741505400 0 0 30 3 9 2 125 0 67 1 -14400 EDT
t 1 0 30 2 9 2 125 -1 = 1741487400 0 0 30 2 9 2 125 0 67 0 0 GMT
f 1 0 30 2 9 2 125 0 = 10 0 31373431353035343030
m 1 0 30 2 9 2 125 0 = 1741505400 0 0 30 3 9 2 125 0 67 1 -14400 EDT
t 1 0 30 2 9 2 125 0 = 1741487400 0 0 30 2 9 2 125 0 67 0 0 GMT
f 1 0 30 2 9 2 125 1 = 10 0 31373431353031383030
m 1 0 30 2 9 2 125 1 = 1741501800 0 0 30 1 9 2 125 0 67 0 -18000 EST
t 1 0 30 2 9 2 125 1 = 1741487400 0 0 30 2 9 2 125 0 67 0 0 GMT
f 1 0 30 1 2 10 125 -1 = 10 0 31373632303631343030
m 1 0 30 1 2 10 125 -1 = 1762061400 0 0 30 1 2 10 125 0 305 1 -14400 EDT
t 1 0 30 1 2 10 125 -1 = 1762047000 0 0 30 1 2 10 125 0 305 0 0 GMT
f 1 0 30 1 2 10 125 0 = 10 0 31373632303635303030
m 1 0 30 1 2 10 125 0 = 1762065000 0 0 30 1 2 10 125 0 305 0 -18000 EST
t 1 0 30 1 2 10 125 0 = 1762047000 0 0 30 1 2 10 125 0 305 0 0 GMT
f 1 0 30 1 2 10 125 1 = 10 0 31373632303631343030
m 1 0 30 1 2 10 125 1 = 1762061400 0 0 30 1 2 10 125 0 305 1 -14400 EDT
t 1 0 30 1 2 10 125 1 = 1762047000 0 0 30 1 2 10 125 0 305 0 0 GMT
f 1 0 0 12 1 6 125 0 = 10 0 31373531333839323030
m 1 0 0 12 1 6 125 0 = 1751389200 0 0 0 13 1 6 125 2 181 1 -14400 EDT
t 1 0 0 12 1 6 125 0 = 1751371200 0 0 0 12 1 6 125 2 181 0 0 GMT
f 1 0 0 12 1 0 125 1 = 10 0 31373335373437323030
m 1 0 0 12 1 0 125 1 = 1735747200 0 0 0 11 1 0 125 3 0 0 -18000 EST
t 1 0 0 12 1 0 125 1 = 1735732800 0 0 0 12 1 0 125 3 0 0 0 GMT
f 1 103 -39 76 484 17 -236 0 = 11 0 2d39353639373230323337
m 1 103 -39 76 484 17 -236 0 = -9569720237 0 43 22 3 30 8 -234 4 272 0 -18000 EST
t 1 103 -39 76 484 17 -236 0 = -9569738237 0 43 22 3 30 8 -234 4 272 0 0 GMT
f 1 51 185 -48 -110 31 128 1 = 10 0 31393032303335313531
m 1 51 185 -48 -110 31 128 1 = 1902035151 0 51 5 3 10 3 130 3 99 1 -14400 EDT
t 1 51 185 -48 -110 31 128 1 = 1902020751 0 51 5 3 10 3 130 3 99 0 0 GMT
f 1 164 104 49 756 25 -181 0 = 11 0 2d37373839353336373936
m 1 164 104 49 756 25 -181 0 = -7789536796 0 44 46 2 28 1 -177 0 58 0 -18000 EST
t 1 164 104 49 756 25 -181 0 = -7789554796 0 44 46 2 28 1 -177 0 58 0 0 GMT
f 1 -96 95 -5 549 9 -236 0 = 11 0 2d39353835333833313936
m 1 -96 95 -5 549 9 -236 0 = -9585383196 0 24 33 20 1 3 -234 4 90 0 -18000 EST
t 1 -96 95 -5 549 9 -236 0 = -9585401196 0 24 33 20 1 3 -234 4 90 0 0 GMT
f 1 106 52 11 -280 -15 222 0 = 10 0 34373332393636343236
m 1 106 52 11 -280 -15 222 0 = 4732966426 0 46 53 11 25 11 219 1 358 0 -18000 EST
t 1 106 52 11 -280 -15 222 0 = 4732948426 0 46 53 11 25 11 219 1 358 0 0 GMT
f 1 55 -91 -49 558 -11 161 1 = 10 0 32383930373736353935
m 1 55 -91 -49 558 -11 161 1 = 2890776595 0 55 29 21 8 7 161 1 219 1 -14400 EDT
t 1 55 -91 -49 558 -11 161 1 = 2890762195 0 55 29 21 8 7 161 1 219 0 0 GMT
f 1 84 86 4 -28 2 313 1 = 10 0 37363730393731363434
m 1 84 86 4 -28 2 313 1 = 7670971644 0 24 27 4 31 0 313 0 30 0 -18000 EST
t 1 84 86 4 -28 2 313 1 = 7670957244 0 24 27 5 31 0 313 0 30 0 0 GMT
f 1 -91 183 72 725 -20 162 0 = 10 0 32393133343336383839
m 1 -91 183 72 725 -20 162 0 = 2913436889 0 29 1 4 28 3 162 5 117 1 -14400 EDT
t 1 -91 183 72 725 -20 162 0 = 2913418889 0 29 1 3 28 3 162 5 117 0 0 GMT
f 1 13 113 37 275 -17 149 -1 = 10 0 32343732303538333933
m 1 13 113 37 275 -17 149 -1 = 2472058393 0 13 53 14 2 4 148 6 122 1 -14400 EDT
t 1 13 113 37 275 -17 149 -1 = 2472043993 0 13 53 14 2 4 148 6 122 0 0 GMT
f 1 161 -55 -11 383 -5 104 -1 = 10 0 31303932363732343631
m 1 161 -55 -11 383 -5 104 -1 = 1092672461 0 41 7 12 16 7 104 1 228 1 -14400 EDT
t 1 161 -55 -11 383 -5 104 -1 = 1092658061 0 41 7 12 16 7 104 1 228 0 0 GMT
f 1 143 195 31 -120 -9 -230 0 = 11 0 2d39353031303933373537
m 1 143 195 31 -120 -9 -230 0 = -9501093757 0 23 17 10 2 11 -232 0 336 0 -18000 EST
t 1 143 195 31 -120 -9 -230 0 = -9501111757 0 23 17 10 2 11 -232 0 336 0 0 GMT
f 1 95 116 73 153 -11 -69 1 = 11 0 2d34343031383832313435
m 1 95 116 73 153 -11 -69 1 = -4401882145 0 35 57 1 6 6 -70 2 186 0 -18000 EST
t 1 95 116 73 153 -11 -69 1 = -4401896545 0 35 57 2 6 6 -70 2 186 0 0 GMT
f 1 122 144 -25 703 39 84 0 = 9 0 363034383233313632
m 1 122 144 -25 703 39 84 0 = 604823162 0 2 26 1 2 2 89 4 60 0 -18000 EST
t 1 122 144 -25 703 39 84 0 = 604805162 0 2 26 1 2 2 89 4 60 0 0 GMT
f 1 60 193 -18 787 40 322 -1 = 10 0 38313235323736343430
m 1 60 193 -18 787 40 322 -1 = 8125276440 0 0 14 9 25 5 327 1 175 1 -14400 EDT
t 1 60 193 -18 787 40 322 -1 = 8125262040 0 0 14 9 25 5 327 1 175 0 0 GMT
f 1 23 63 -3 -240 21 -186 1 = 11 0 2d38303434323634353937
m 1 23 63 -3 -240 21 -186 1 = -8044264597 0 23 3 21 1 1 -185 5 31 0 -18000 EST
t 1 23 63 -3 -240 21 -186 1 = -8044278997 0 23 3 22 1 1 -185 5 31 0 0 GMT
f 1 -36 175 -5 150 8 -190 1 = 11 0 2d38313730393237353336
m 1 -36 175 -5 150 8 -190 1 = -8170927536 0 24 54 20 27 0 -189 2 26 0 -18000 EST
t 1 -36 175 -5 150 8 -190 1 = -8170941936 0 24 54 21 27 0 -189 2 26 0 0 GMT
f 1 118 184 -38 -216 -24 -8 0 = 11 0 2d32353433333738303432
m 1 118 184 -38 -216 -24 -8 0 = -2543378042 0 58 5 13 27 4 -11 1 146 0 -18000 EST
t 1 118 184 -38 -216 -24 -8 0 = -2543396042 0 58 5 13 27 4 -11 1 146 0 0 GMT
f 1 74 -99 -23 -278 31 363 0 = 10 0 39333033343831333334
m 1 74 -99 -23 -278 31 363 0 = 9303481334 0 14 22 0 25 9 364 2 298 1 -14400 EDT
t 1 74 -99 -23 -278 31 363 0 = 9303463334 0 14 22 23 24 9 364 1 297 0 0 GMT
f 1 -51 169 19 261 -2 243 -1 = 10 0 35343736363433323839
m 1 -51 169 19 261 -2 243 -1 = 5476643289 0 9 48 21 19 6 243 5 199 1 -14400 EDT
t 1 -51 169 19 261 -2 243 -1 = 5476628889 0 9 48 21 19 6 243 5 199 0 0 GMT
f 1 185 -91 -5 447 37 232 0 = 10 0 35323438313033353235
m 1 185 -91 -5 447 37 232 0 = 5248103525 0 5 32 18 21 3 236 6 111 1 -14400 EDT
t 1 185 -91 -5 447 37 232 0 = 5248085525 0 5 32 17 21 3 236 6 111 0 0 GMT
f 1 146 116 80 -167 18 16 1 = 11 0 2d31363731303938343934
m 1 146 116 80 -167 18 16 1 = -1671098494 0 26 58 8 17 0 17 3 16 0 -18000 EST
t 1 146 116 80 -167 18 16 1 = -1671112894 0 26 58 9 17 0 17 3 16 0 0 GMT
f 1 -54 99 -41 -161 -2 362 1 = 10 0 39313935323531383836
m 1 -54 99 -41 -161 -2 362 1 = 9195251886 0 6 38 8 21 4 361 2 140 1 -14400 EDT
t 1 -54 99 -41 -161 -2 362 1 = 9195237486 0 6 38 8 21 4 361 2 140 0 0 GMT
f 1 -47 -69 45 119 7 336 0 = 10 0 38343232383739383133
m 1 -47 -69 45 119 7 336 0 = 8422879813 0 13 50 19 28 10 336 1 332 0 -18000 EST
t 1 -47 -69 45 119 7 336 0 = 8422861813 0 13 50 19 28 10 336 1 332 0 0 GMT
f 1 197 -91 -40 641 -13 -229 -1 = 11 0 2d39343134353334343633
m 1 197 -91 -40 641 -13 -229 -1 = -9414534463 0 17 32 6 31 7 -229 1 242 0 -18000 EST
t 1 197 -91 -40 641 -13 -229 -1 = -9414552463 0 17 32 6 31 7 -229 1 242 0 0 GMT
f 1 38 115 -5 -379 39 6 -1 = 11 0 2d31393530303431303632
m 1 38 115 -5 -379 39 6 -1 = -1950041062 0 38 55 20 16 2 8 1 75 0 -18000 EST
t 1 38 115 -5 -379 39 6 -1 = -1950059062 0 38 55 20 16 2 8 1 75 0 0 GMT
f 1 145 -42 10 137 3 167 1 = 10 0 33303830363430303235
m 1 145 -42 10 137 3 167 1 = 3080640025 0 25 20 9 15 7 167 1 226 1 -14400 EDT
t 1 145 -42 10 137 3 167 1 = 3080625625 0 25 20 9 15 7 167 1 226 0 0 GMT
f 1 56 87 46 -156 -6 42 1 = 10 0 2d393132383839393234
m 1 56 87 46 -156 -6 42 1 = -912889924 0 56 27 22 26 0 41 0 25 0 -18000 EST
t 1 56 87 46 -156 -6 42 1 = -912904324 0 56 27 23 26 0 41 0 25 0 0 GMT
f 1 52 138 12 434 -11 178 0 = 10 0 33343136383433393332
m 1 52 138 12 434 -11 178 0 = 3416843932 0 52 18 15 10 3 178 0 99 1 -14400 EDT
t 1 52 138 12 434 -11 178 0 = 3416825932 0 52 18 14 10 3 178 0 99 0 0 GMT
f 1 94 121 53 734 -28 200 1 = 10 0 34303932333735373534
m 1 94 121 53 734 -28 200 1 = 4092375754 0 34 2 7 6 8 199 0 248 1 -14400 EDT
t 1 94 121 53 734 -28 200 1 = 4092361354 0 34 2 7 6 8 199 0 248 0 0 GMT
f 1 153 151 79 530 15 207 0 = 10 0 34343038363938383133
m 1 153 151 79 530 15 207 0 = 4408698813 0 33 33 10 15 8 209 0 257 1 -14400 EDT
t 1 153 151 79 530 15 207 0 = 4408680813 0 33 33 9 15 8 209 0 257 0 0 GMT
f 1 382107791 982893036 -713352171 1268601382 1997862572 1351645802 0 = 17 0 3438303134373839303430313933313531
m 1 382107791 982893036 -713352171 1268601382 1997862572 1351645802 0 = 48014789040193151 0 11 39 0 9 4 1521528164 5 129 0 -18000 EST
t 1 382107791 982893036 -713352171 1268601382 1997862572 1351645802 0 = 48014789040175151 0 11 39 0 9 4 1521528164 5 129 0 0 GMT
f 1 -269492548 570313975 -1183486459 291655691 188212142 492489546 0 = 17 0 3136303537333839333331383133393532
m 1 -269492548 570313975 -1183486459 291655691 188212142 492489546 0 = 16057389331813952 0 32 52 10 21 7 508838481 5 232 0 -18000 EST
t 1 -269492548 570313975 -1183486459 291655691 188212142 492489546 0 = 16057389331795952 0 32 52 10 21 7 508838481 5 232 0 0 GMT
f 1 1693495731 1387788057 437279061 -1628031829 1358542095 -558562306 0 = 18 0 2d3134313932393038323333313131323439
m 1 1693495731 1387788057 437279061 -1628031829 1358542095 -558562306 0 = -14192908233111249 0 51 25 5 8 4 -449755288 5 128 0 -18000 EST
t 1 1693495731 1387788057 437279061 -1628031829 1358542095 -558562306 0 = -14192908233129249 0 51 25 5 8 4 -449755288 5 128 0 0 GMT
f 1 -2110148300 -1371423806 1267766923 -34980012 1105040098 2039127656 0 = 17 0 3637323536303833343233303337373430
m 1 -2110148300 -1371423806 1267766923 -34980012 1105040098 2039127656 0 = 67256083423037740 0 40 15 3 2 7 2131260510 1 213 0 -18000 EST
t 1 -2110148300 -1371423806 1267766923 -34980012 1105040098 2039127656 0 = 67256083423019740 0 40 15 3 2 7 2131260510 1 213 0 0 GMT
f 1 219494008 -1162678066 1553633996 161494413 1431333502 359442232 0 = 17 0 3135313236343139323632383837323438
m 1 219494008 -1162678066 1553633996 161494413 1431333502 359442232 0 = 15126419262887248 0 28 47 22 26 6 479337214 0 206 0 -18000 EST
t 1 219494008 -1162678066 1553633996 161494413 1431333502 359442232 0 = 15126419262869248 0 28 47 22 26 6 479337214 0 206 0 0 GMT
f 1 374499464 -1690423804 -1399261138 592082291 605577004 -527999129 0 = 18 0 2d3135303233353134313536323333313736
m 1 374499464 -1690423804 -1399261138 592082291 605577004 -527999129 0 = -15023514156233176 0 44 33 15 13 5 -476076142 2 163 0 -18000 EST
t 1 374499464 -1690423804 -1399261138 592082291 605577004 -527999129 0 = -15023514156251176 0 44 33 15 13 5 -476076142 2 163 0 0 GMT
f 1 1877790577 -1965898283 1240027761 -1397976785 -1113692918 152736451 0 = 16 0 31373734373237393736393939393937
m 1 1877790577 -1965898283 1240027761 -1397976785 -1113692918 152736451 0 = 1774727976999997 0 37 6 22 12 9 56238960 2 285 0 -18000 EST
t 1 1877790577 -1965898283 1240027761 -1397976785 -1113692918 152736451 0 = 1774727976981997 0 37 6 22 12 9 56238960 2 285 0 0 GMT
f 1 -974255932 556952638 682616220 -1655841716 829120704 -2108555110 0 = 18 0 2d3634343939373732363132373335363532
m 1 -974255932 556952638 682616220 -1655841716 829120704 -2108555110 0 = -64499772612735652 0 8 19 1 5 11 -2043916359 5 338 0 -18000 EST
t 1 -974255932 556952638 682616220 -1655841716 829120704 -2108555110 0 = -64499772612753652 0 8 19 1 5 11 -2043916359 5 338 0 0 GMT
f 1 -389207384 1101701407 -582356082 1928654851 -343608692 -627525910 0 = 18 0 2d3230353431383035383033303537373634
m 1 -389207384 1101701407 -582356082 1928654851 -343608692 -627525910 0 = -20541805803057764 0 16 57 22 12 5 -650943843 2 162 0 -18000 EST
t 1 -389207384 1101701407 -582356082 1928654851 -343608692 -627525910 0 = -20541805803075764 0 16 57 22 12 5 -650943843 2 162 0 0 GMT
f 1 1044398129 -1185180998 -51570206 -2980759 -443825111 768240383 0 = 17 0 3233303735363632313134373331343439
m 1 1044398129 -1185180998 -51570206 -2980759 -443825111 768240383 0 = 23075662114731449 0 29 57 23 15 7 731238692 3 227 0 -18000 EST
t 1 1044398129 -1185180998 -51570206 -2980759 -443825111 768240383 0 = 23075662114713449 0 29 57 23 15 7 731238692 3 227 0 0 GMT
a 47 37 17 27 6 70 3 = 1 0 576564204a756c2032372031373a33373a343720313937300a
A 47 37 17 27 6 70 3 = 1 0 576564204a756c2032372031373a33373a343720313937300a
a 47 37 17 27 6 8099 3 = 1 0 576564204a756c2032372031373a33373a343720393939390a
A 47 37 17 27 6 8099 3 = 1 0 576564204a756c2032372031373a33373a343720393939390a
a 47 37 17 27 6 8100 3 = 0 75 -
A 47 37 17 27 6 8100 3 = 1 0 576564204a756c2032372031373a33373a34372031303030300a
a 47 37 17 27 6 -1900 3 = 1 0 576564204a756c2032372031373a33373a343720300a
A 47 37 17 27 6 -1900 3 = 1 0 576564204a756c2032372031373a33373a343720300a
a 47 37 17 27 6 -1901 3 = 1 0 576564204a756c2032372031373a33373a3437202d310a
A 47 37 17 27 6 -1901 3 = 1 0 576564204a756c2032372031373a33373a3437202d310a
a 47 37 17 27 6 -2899 3 = 1 0 576564204a756c2032372031373a33373a3437202d3939390a
A 47 37 17 27 6 -2899 3 = 1 0 576564204a756c2032372031373a33373a3437202d3939390a
a 47 37 17 27 6 -2900 3 = 0 75 -
A 47 37 17 27 6 -2900 3 = 1 0 576564204a756c2032372031373a33373a3437202d313030300a
a 47 37 17 27 6 2147481747 3 = 0 75 -
A 47 37 17 27 6 2147481747 3 = 1 0 576564204a756c2032372031373a33373a343720323134373438333634370a
a 47 37 17 27 6 2147481748 3 = 0 75 -
A 47 37 17 27 6 2147481748 3 = 0 75 -
a 47 37 17 27 6 2147483647 3 = 0 75 -
A 47 37 17 27 6 2147483647 3 = 0 75 -
a 47 37 17 27 6 -2147483648 3 = 0 75 -
A 47 37 17 27 6 -2147483648 3 = 1 0 576564204a756c2032372031373a33373a3437202d323134373438313734380a
a 47 37 17 27 6 998099 3 = 0 75 -
A 47 37 17 27 6 998099 3 = 1 0 576564204a756c2032372031373a33373a3437203939393939390a
a 47 37 17 27 6 998100 3 = 0 75 -
A 47 37 17 27 6 998100 3 = 1 0 576564204a756c2032372031373a33373a343720313030303030300a
a 47 37 17 27 6 99999999 3 = 0 75 -
A 47 37 17 27 6 99999999 3 = 1 0 576564204a756c2032372031373a33373a3437203130303030313839390a
a 47 37 17 27 6 -99999999 3 = 0 75 -
A 47 37 17 27 6 -99999999 3 = 1 0 576564204a756c2032372031373a33373a3437202d39393939383039390a
a 0 37 17 27 6 77 3 = 1 0 576564204a756c2032372031373a33373a303020313937370a
A 0 37 17 27 6 77 3 = 1 0 576564204a756c2032372031373a33373a303020313937370a
a 59 37 17 27 6 77 3 = 1 0 576564204a756c2032372031373a33373a353920313937370a
A 59 37 17 27 6 77 3 = 1 0 576564204a756c2032372031373a33373a353920313937370a
a 60 37 17 27 6 77 3 = 1 0 576564204a756c2032372031373a33373a363020313937370a
A 60 37 17 27 6 77 3 = 1 0 576564204a756c2032372031373a33373a363020313937370a
a 99 37 17 27 6 77 3 = 1 0 576564204a756c2032372031373a33373a393920313937370a
A 99 37 17 27 6 77 3 = 1 0 576564204a756c2032372031373a33373a393920313937370a
a 100 37 17 27 6 77 3 = 0 75 -
A 100 37 17 27 6 77 3 = 1 0 576564204a756c2032372031373a33373a31303020313937370a
a -1 37 17 27 6 77 3 = 0 75 -
A -1 37 17 27 6 77 3 = 1 0 576564204a756c2032372031373a33373a2d303120313937370a
a -10 37 17 27 6 77 3 = 0 75 -
A -10 37 17 27 6 77 3 = 1 0 576564204a756c2032372031373a33373a2d313020313937370a
a 1000 37 17 27 6 77 3 = 0 75 -
A 1000 37 17 27 6 77 3 = 1 0 576564204a756c2032372031373a33373a3130303020313937370a
a 47 0 17 27 6 77 3 = 1 0 576564204a756c2032372031373a30303a343720313937370a
A 47 0 17 27 6 77 3 = 1 0 576564204a756c2032372031373a30303a343720313937370a
a 47 59 17 27 6 77 3 = 1 0 576564204a756c2032372031373a35393a343720313937370a
A 47 59 17 27 6 77 3 = 1 0 576564204a756c2032372031373a35393a343720313937370a
a 47 60 17 27 6 77 3 = 1 0 576564204a756c2032372031373a36303a343720313937370a
A 47 60 17 27 6 77 3 = 1 0 576564204a756c2032372031373a36303a343720313937370a
a 47 99 17 27 6 77 3 = 1 0 576564204a756c2032372031373a39393a343720313937370a
A 47 99 17 27 6 77 3 = 1 0 576564204a756c2032372031373a39393a343720313937370a
a 47 100 17 27 6 77 3 = 0 75 -
A 47 100 17 27 6 77 3 = 1 0 576564204a756c2032372031373a3130303a343720313937370a
a 47 -1 17 27 6 77 3 = 0 75 -
A 47 -1 17 27 6 77 3 = 1 0 576564204a756c2032372031373a2d30313a343720313937370a
a 47 37 0 27 6 77 3 = 1 0 576564204a756c2032372030303a33373a343720313937370a
A 47 37 0 27 6 77 3 = 1 0 576564204a756c2032372030303a33373a343720313937370a
a 47 37 23 27 6 77 3 = 1 0 576564204a756c2032372032333a33373a343720313937370a
A 47 37 23 27 6 77 3 = 1 0 576564204a756c2032372032333a33373a343720313937370a
a 47 37 24 27 6 77 3 = 1 0 576564204a756c2032372032343a33373a343720313937370a
A 47 37 24 27 6 77 3 = 1 0 576564204a756c2032372032343a33373a343720313937370a
a 47 37 99 27 6 77 3 = 1 0 576564204a756c2032372039393a33373a343720313937370a
A 47 37 99 27 6 77 3 = 1 0 576564204a756c2032372039393a33373a343720313937370a
a 47 37 100 27 6 77 3 = 0 75 -
A 47 37 100 27 6 77 3 = 1 0 576564204a756c203237203130303a33373a343720313937370a
a 47 37 -1 27 6 77 3 = 0 75 -
A 47 37 -1 27 6 77 3 = 1 0 576564204a756c203237202d30313a33373a343720313937370a
a 47 37 17 0 6 77 3 = 1 0 576564204a756c2020302031373a33373a343720313937370a
A 47 37 17 0 6 77 3 = 1 0 576564204a756c2020302031373a33373a343720313937370a
a 47 37 17 1 6 77 3 = 1 0 576564204a756c2020312031373a33373a343720313937370a
A 47 37 17 1 6 77 3 = 1 0 576564204a756c2020312031373a33373a343720313937370a
a 47 37 17 31 6 77 3 = 1 0 576564204a756c2033312031373a33373a343720313937370a
A 47 37 17 31 6 77 3 = 1 0 576564204a756c2033312031373a33373a343720313937370a
a 47 37 17 32 6 77 3 = 1 0 576564204a756c2033322031373a33373a343720313937370a
A 47 37 17 32 6 77 3 = 1 0 576564204a756c2033322031373a33373a343720313937370a
a 47 37 17 99 6 77 3 = 1 0 576564204a756c2039392031373a33373a343720313937370a
A 47 37 17 99 6 77 3 = 1 0 576564204a756c2039392031373a33373a343720313937370a
a 47 37 17 100 6 77 3 = 1 0 576564204a756c3130302031373a33373a343720313937370a
A 47 37 17 100 6 77 3 = 1 0 576564204a756c3130302031373a33373a343720313937370a
a 47 37 17 999 6 77 3 = 1 0 576564204a756c3939392031373a33373a343720313937370a
A 47 37 17 999 6 77 3 = 1 0 576564204a756c3939392031373a33373a343720313937370a
a 47 37 17 -1 6 77 3 = 1 0 576564204a756c202d312031373a33373a343720313937370a
A 47 37 17 -1 6 77 3 = 1 0 576564204a756c202d312031373a33373a343720313937370a
a 47 37 17 -99 6 77 3 = 1 0 576564204a756c2d39392031373a33373a343720313937370a
A 47 37 17 -99 6 77 3 = 1 0 576564204a756c2d39392031373a33373a343720313937370a
a 47 37 17 -100 6 77 3 = 0 75 -
A 47 37 17 -100 6 77 3 = 1 0 576564204a756c2d3130302031373a33373a343720313937370a
a 47 37 17 27 -1 77 3 = 1 0 576564203f3f3f2032372031373a33373a343720313937370a
A 47 37 17 27 -1 77 3 = 1 0 576564203f3f3f2032372031373a33373a343720313937370a
a 47 37 17 27 0 77 3 = 1 0 576564204a616e2032372031373a33373a343720313937370a
A 47 37 17 27 0 77 3 = 1 0 576564204a616e2032372031373a33373a343720313937370a
a 47 37 17 27 11 77 3 = 1 0 576564204465632032372031373a33373a343720313937370a
A 47 37 17 27 11 77 3 = 1 0 576564204465632032372031373a33373a343720313937370a
a 47 37 17 27 12 77 3 = 1 0 576564203f3f3f2032372031373a33373a343720313937370a
A 47 37 17 27 12 77 3 = 1 0 576564203f3f3f2032372031373a33373a343720313937370a
a 47 37 17 27 13 77 3 = 1 0 576564203f3f3f2032372031373a33373a343720313937370a
A 47 37 17 27 13 77 3 = 1 0 576564203f3f3f2032372031373a33373a343720313937370a
a 47 37 17 27 6 77 -1 = 1 0 3f3f3f204a756c2032372031373a33373a343720313937370a
A 47 37 17 27 6 77 -1 = 1 0 3f3f3f204a756c2032372031373a33373a343720313937370a
a 47 37 17 27 6 77 0 = 1 0 53756e204a756c2032372031373a33373a343720313937370a
A 47 37 17 27 6 77 0 = 1 0 53756e204a756c2032372031373a33373a343720313937370a
a 47 37 17 27 6 77 6 = 1 0 536174204a756c2032372031373a33373a343720313937370a
A 47 37 17 27 6 77 6 = 1 0 536174204a756c2032372031373a33373a343720313937370a
a 47 37 17 27 6 77 7 = 1 0 3f3f3f204a756c2032372031373a33373a343720313937370a
A 47 37 17 27 6 77 7 = 1 0 3f3f3f204a756c2032372031373a33373a343720313937370a
a 47 37 17 27 6 77 8 = 1 0 3f3f3f204a756c2032372031373a33373a343720313937370a
A 47 37 17 27 6 77 8 = 1 0 3f3f3f204a756c2032372031373a33373a343720313937370a
A null = 0 22 -
